import { atom } from 'jotai';

export  const showGuggenheimAtom = atom(false);
export const showCubeInstancesAtom = atom(false);
export const showArtPieceAtom = atom(false);
export const showTransformControlsAtom = atom(true);
export const showViewportControlsAtom = atom(true);
export const showGeolocationAtom = atom(false);
export const showSnakeAtom = atom(false);
export const showTreesAtom = atom(false);
export const showLabelsAtom = atom(false);
export const showFibonacciAtom = atom(false);


export const showVideoIntroAtom = atom(false);

// Default matrices - similar to the ones in the matrix component
const defaultMatrices = [
  [
    [
      1.0, 
      0.0, 
      0.0, 
      0.49082698382078149
    ], 
    [
      0.0, 
      0.0, 
      1.0, 
      0.0
    ], 
    [
      0.0, 
      -1.0, 
      0.0, 
      0.77590085642228246
    ], 
    [
      0.0, 
      0.0, 
      0.0, 
      1.0
    ]
  ], 
  [
    [
      0.96592582628906831, 
      -0.25881904510252074, 
      0.0, 
      0.49082698382078149
    ], 
    [
      0.0, 
      0.0, 
      1.0, 
      3.0
    ], 
    [
      -0.25881904510252074, 
      -0.96592582628906831, 
      0.0, 
      0.77590085642228246
    ], 
    [
      0.0, 
      0.0, 
      0.0, 
      1.0
    ]
  ], 
  [
    [
      0.86602540378443871, 
      -0.49999999999999994, 
      0.0, 
      0.49082698382078149
    ], 
    [
      0.0, 
      0.0, 
      1.0, 
      6.0
    ], 
    [
      -0.49999999999999994, 
      -0.86602540378443871, 
      0.0, 
      0.77590085642228246
    ], 
    [
      0.0, 
      0.0, 
      0.0, 
      1.0
    ]
  ], 
  [
    [
      0.70710678118654757, 
      -0.70710678118654757, 
      0.0, 
      0.49082698382078149
    ], 
    [
      0.0, 
      0.0, 
      1.0, 
      9.0
    ], 
    [
      -0.70710678118654757, 
      -0.70710678118654757, 
      0.0, 
      0.77590085642228246
    ], 
    [
      0.0, 
      0.0, 
      0.0, 
      1.0
    ]
  ], 
  [
    [
      0.50000000000000011, 
      -0.8660254037844386, 
      0.0, 
      0.49082698382078149
    ], 
    [
      0.0, 
      0.0, 
      1.0, 
      12.0
    ], 
    [
      -0.8660254037844386, 
      -0.50000000000000011, 
      0.0, 
      0.77590085642228246
    ], 
    [
      0.0, 
      0.0, 
      0.0, 
      1.0
    ]
  ], 
  [
    [
      0.25881904510252074, 
      -0.96592582628906831, 
      0.0, 
      0.49082698382078149
    ], 
    [
      0.0, 
      0.0, 
      1.0, 
      15.0
    ], 
    [
      -0.96592582628906831, 
      -0.25881904510252074, 
      0.0, 
      0.77590085642228246
    ], 
    [
      0.0, 
      0.0, 
      0.0, 
      1.0
    ]
  ], 
  [
    [
      0.0, 
      -1.0, 
      0.0, 
      0.49082698382078149
    ], 
    [
      0.0, 
      0.0, 
      1.0, 
      18.0
    ], 
    [
      -1.0, 
      0.0, 
      0.0, 
      0.77590085642228246
    ], 
    [
      0.0, 
      0.0, 
      0.0, 
      1.0
    ]
  ], 
  [
    [
      -0.25881904510252085, 
      -0.96592582628906831, 
      0.0, 
      0.49082698382078149
    ], 
    [
      0.0, 
      0.0, 
      0.99999999999999989, 
      21.0
    ], 
    [
      -0.96592582628906831, 
      0.25881904510252085, 
      0.0, 
      0.77590085642228246
    ], 
    [
      0.0, 
      0.0, 
      0.0, 
      1.0
    ]
  ], 
  [
    [
      -0.49999999999999978, 
      -0.86602540378443871, 
      0.0, 
      0.49082698382078149
    ], 
    [
      0.0, 
      0.0, 
      1.0, 
      24.0
    ], 
    [
      -0.86602540378443871, 
      0.49999999999999978, 
      0.0, 
      0.77590085642228246
    ], 
    [
      0.0, 
      0.0, 
      0.0, 
      1.0
    ]
  ], 
  [
    [
      -0.70710678118654746, 
      -0.70710678118654757, 
      0.0, 
      0.49082698382078149
    ], 
    [
      0.0, 
      0.0, 
      1.0, 
      27.0
    ], 
    [
      -0.70710678118654757, 
      0.70710678118654746, 
      0.0, 
      0.77590085642228246
    ], 
    [
      0.0, 
      0.0, 
      0.0, 
      1.0
    ]
  ], 
  [
    [
      -0.86602540378443871, 
      -0.49999999999999994, 
      0.0, 
      0.49082698382078149
    ], 
    [
      0.0, 
      0.0, 
      1.0, 
      30.0
    ], 
    [
      -0.49999999999999994, 
      0.86602540378443871, 
      0.0, 
      0.77590085642228246
    ], 
    [
      0.0, 
      0.0, 
      0.0, 
      1.0
    ]
  ], 
  [
    [
      -0.9659258262890682, 
      -0.25881904510252102, 
      0.0, 
      0.49082698382078149
    ], 
    [
      0.0, 
      0.0, 
      1.0, 
      33.0
    ], 
    [
      -0.25881904510252102, 
      0.9659258262890682, 
      0.0, 
      0.77590085642228246
    ], 
    [
      0.0, 
      0.0, 
      0.0, 
      1.0
    ]
  ], 
  [
    [
      -1.0, 
      0.0, 
      0.0, 
      0.49082698382078149
    ], 
    [
      0.0, 
      0.0, 
      1.0, 
      36.0
    ], 
    [
      0.0, 
      1.0, 
      0.0, 
      0.77590085642228246
    ], 
    [
      0.0, 
      0.0, 
      0.0, 
      1.0
    ]
  ], 
  [
    [
      -0.96592582628906831, 
      0.25881904510252079, 
      0.0, 
      0.49082698382078149
    ], 
    [
      0.0, 
      0.0, 
      0.99999999999999989, 
      39.0
    ], 
    [
      0.25881904510252079, 
      0.96592582628906831, 
      0.0, 
      0.77590085642228246
    ], 
    [
      0.0, 
      0.0, 
      0.0, 
      1.0
    ]
  ], 
  [
    [
      -0.8660254037844386, 
      0.50000000000000011, 
      0.0, 
      0.49082698382078149
    ], 
    [
      0.0, 
      0.0, 
      1.0, 
      42.0
    ], 
    [
      0.50000000000000011, 
      0.8660254037844386, 
      0.0, 
      0.77590085642228246
    ], 
    [
      0.0, 
      0.0, 
      0.0, 
      1.0
    ]
  ], 
  [
    [
      -0.70710678118654768, 
      0.70710678118654746, 
      0.0, 
      0.49082698382078149
    ], 
    [
      0.0, 
      0.0, 
      1.0, 
      45.0
    ], 
    [
      0.70710678118654746, 
      0.70710678118654768, 
      0.0, 
      0.77590085642228246
    ], 
    [
      0.0, 
      0.0, 
      0.0, 
      1.0
    ]
  ], 
  [
    [
      -0.50000000000000044, 
      0.86602540378443849, 
      0.0, 
      0.49082698382078149
    ], 
    [
      0.0, 
      0.0, 
      1.0, 
      48.0
    ], 
    [
      0.86602540378443849, 
      0.50000000000000044, 
      0.0, 
      0.77590085642228246
    ], 
    [
      0.0, 
      0.0, 
      0.0, 
      1.0
    ]
  ], 
  [
    [
      -0.25881904510252063, 
      0.96592582628906831, 
      0.0, 
      0.49082698382078149
    ], 
    [
      0.0, 
      0.0, 
      1.0, 
      51.0
    ], 
    [
      0.96592582628906831, 
      0.25881904510252063, 
      0.0, 
      0.77590085642228246
    ], 
    [
      0.0, 
      0.0, 
      0.0, 
      1.0
    ]
  ], 
  [
    [
      0.0, 
      1.0, 
      0.0, 
      0.49082698382078149
    ], 
    [
      0.0, 
      0.0, 
      1.0, 
      54.0
    ], 
    [
      1.0, 
      0.0, 
      0.0, 
      0.77590085642228246
    ], 
    [
      0.0, 
      0.0, 
      0.0, 
      1.0
    ]
  ], 
  [
    [
      0.2588190451025203, 
      0.96592582628906842, 
      0.0, 
      0.49082698382078149
    ], 
    [
      0.0, 
      0.0, 
      1.0, 
      57.0
    ], 
    [
      0.96592582628906842, 
      -0.2588190451025203, 
      0.0, 
      0.77590085642228246
    ], 
    [
      0.0, 
      0.0, 
      0.0, 
      1.0
    ]
  ], 
  [
    [
      0.96592582628906831, 
      -0.25881904510252074, 
      0.0, 
      0.49082698382078149
    ], 
    [
      0.0, 
      0.0, 
      1.0, 
      0.0
    ], 
    [
      -0.25881904510252074, 
      -0.96592582628906831, 
      0.0, 
      -2.2240991435777175
    ], 
    [
      0.0, 
      0.0, 
      0.0, 
      1.0
    ]
  ], 
  [
    [
      0.86602540378443871, 
      -0.49999999999999994, 
      0.0, 
      0.49082698382078149
    ], 
    [
      0.0, 
      0.0, 
      1.0, 
      3.0
    ], 
    [
      -0.49999999999999994, 
      -0.86602540378443871, 
      0.0, 
      -2.2240991435777175
    ], 
    [
      0.0, 
      0.0, 
      0.0, 
      1.0
    ]
  ], 
  [
    [
      0.70710678118654757, 
      -0.70710678118654757, 
      0.0, 
      0.49082698382078149
    ], 
    [
      0.0, 
      0.0, 
      1.0, 
      6.0
    ], 
    [
      -0.70710678118654757, 
      -0.70710678118654757, 
      0.0, 
      -2.2240991435777175
    ], 
    [
      0.0, 
      0.0, 
      0.0, 
      1.0
    ]
  ], 
  [
    [
      0.50000000000000011, 
      -0.8660254037844386, 
      0.0, 
      0.49082698382078149
    ], 
    [
      0.0, 
      0.0, 
      1.0, 
      9.0
    ], 
    [
      -0.8660254037844386, 
      -0.50000000000000011, 
      0.0, 
      -2.2240991435777175
    ], 
    [
      0.0, 
      0.0, 
      0.0, 
      1.0
    ]
  ], 
  [
    [
      0.25881904510252074, 
      -0.96592582628906831, 
      0.0, 
      0.49082698382078149
    ], 
    [
      0.0, 
      0.0, 
      1.0, 
      12.0
    ], 
    [
      -0.96592582628906831, 
      -0.25881904510252074, 
      0.0, 
      -2.2240991435777175
    ], 
    [
      0.0, 
      0.0, 
      0.0, 
      1.0
    ]
  ], 
  [
    [
      0.0, 
      -1.0, 
      0.0, 
      0.49082698382078149
    ], 
    [
      0.0, 
      0.0, 
      1.0, 
      15.0
    ], 
    [
      -1.0, 
      0.0, 
      0.0, 
      -2.2240991435777175
    ], 
    [
      0.0, 
      0.0, 
      0.0, 
      1.0
    ]
  ], 
  [
    [
      -0.25881904510252085, 
      -0.96592582628906831, 
      0.0, 
      0.49082698382078149
    ], 
    [
      0.0, 
      0.0, 
      0.99999999999999989, 
      18.0
    ], 
    [
      -0.96592582628906831, 
      0.25881904510252085, 
      0.0, 
      -2.2240991435777175
    ], 
    [
      0.0, 
      0.0, 
      0.0, 
      1.0
    ]
  ], 
  [
    [
      -0.49999999999999978, 
      -0.86602540378443871, 
      0.0, 
      0.49082698382078149
    ], 
    [
      0.0, 
      0.0, 
      1.0, 
      21.0
    ], 
    [
      -0.86602540378443871, 
      0.49999999999999978, 
      0.0, 
      -2.2240991435777175
    ], 
    [
      0.0, 
      0.0, 
      0.0, 
      1.0
    ]
  ], 
  [
    [
      -0.70710678118654746, 
      -0.70710678118654757, 
      0.0, 
      0.49082698382078149
    ], 
    [
      0.0, 
      0.0, 
      1.0, 
      24.0
    ], 
    [
      -0.70710678118654757, 
      0.70710678118654746, 
      0.0, 
      -2.2240991435777175
    ], 
    [
      0.0, 
      0.0, 
      0.0, 
      1.0
    ]
  ], 
  [
    [
      -0.86602540378443871, 
      -0.49999999999999994, 
      0.0, 
      0.49082698382078149
    ], 
    [
      0.0, 
      0.0, 
      1.0, 
      27.0
    ], 
    [
      -0.49999999999999994, 
      0.86602540378443871, 
      0.0, 
      -2.2240991435777175
    ], 
    [
      0.0, 
      0.0, 
      0.0, 
      1.0
    ]
  ], 
  [
    [
      -0.9659258262890682, 
      -0.25881904510252102, 
      0.0, 
      0.49082698382078149
    ], 
    [
      0.0, 
      0.0, 
      1.0, 
      30.0
    ], 
    [
      -0.25881904510252102, 
      0.9659258262890682, 
      0.0, 
      -2.2240991435777175
    ], 
    [
      0.0, 
      0.0, 
      0.0, 
      1.0
    ]
  ], 
  [
    [
      -1.0, 
      0.0, 
      0.0, 
      0.49082698382078149
    ], 
    [
      0.0, 
      0.0, 
      1.0, 
      33.0
    ], 
    [
      0.0, 
      1.0, 
      0.0, 
      -2.2240991435777175
    ], 
    [
      0.0, 
      0.0, 
      0.0, 
      1.0
    ]
  ], 
  [
    [
      -0.96592582628906831, 
      0.25881904510252079, 
      0.0, 
      0.49082698382078149
    ], 
    [
      0.0, 
      0.0, 
      0.99999999999999989, 
      36.0
    ], 
    [
      0.25881904510252079, 
      0.96592582628906831, 
      0.0, 
      -2.2240991435777175
    ], 
    [
      0.0, 
      0.0, 
      0.0, 
      1.0
    ]
  ], 
  [
    [
      -0.8660254037844386, 
      0.50000000000000011, 
      0.0, 
      0.49082698382078149
    ], 
    [
      0.0, 
      0.0, 
      1.0, 
      39.0
    ], 
    [
      0.50000000000000011, 
      0.8660254037844386, 
      0.0, 
      -2.2240991435777175
    ], 
    [
      0.0, 
      0.0, 
      0.0, 
      1.0
    ]
  ], 
  [
    [
      -0.70710678118654768, 
      0.70710678118654746, 
      0.0, 
      0.49082698382078149
    ], 
    [
      0.0, 
      0.0, 
      1.0, 
      42.0
    ], 
    [
      0.70710678118654746, 
      0.70710678118654768, 
      0.0, 
      -2.2240991435777175
    ], 
    [
      0.0, 
      0.0, 
      0.0, 
      1.0
    ]
  ], 
  [
    [
      -0.50000000000000044, 
      0.86602540378443849, 
      0.0, 
      0.49082698382078149
    ], 
    [
      0.0, 
      0.0, 
      1.0, 
      45.0
    ], 
    [
      0.86602540378443849, 
      0.50000000000000044, 
      0.0, 
      -2.2240991435777175
    ], 
    [
      0.0, 
      0.0, 
      0.0, 
      1.0
    ]
  ], 
  [
    [
      -0.25881904510252063, 
      0.96592582628906831, 
      0.0, 
      0.49082698382078149
    ], 
    [
      0.0, 
      0.0, 
      1.0, 
      48.0
    ], 
    [
      0.96592582628906831, 
      0.25881904510252063, 
      0.0, 
      -2.2240991435777175
    ], 
    [
      0.0, 
      0.0, 
      0.0, 
      1.0
    ]
  ], 
  [
    [
      0.0, 
      1.0, 
      0.0, 
      0.49082698382078149
    ], 
    [
      0.0, 
      0.0, 
      1.0, 
      51.0
    ], 
    [
      1.0, 
      0.0, 
      0.0, 
      -2.2240991435777175
    ], 
    [
      0.0, 
      0.0, 
      0.0, 
      1.0
    ]
  ], 
  [
    [
      0.2588190451025203, 
      0.96592582628906842, 
      0.0, 
      0.49082698382078149
    ], 
    [
      0.0, 
      0.0, 
      1.0, 
      54.0
    ], 
    [
      0.96592582628906842, 
      -0.2588190451025203, 
      0.0, 
      -2.2240991435777175
    ], 
    [
      0.0, 
      0.0, 
      0.0, 
      1.0
    ]
  ], 
  [
    [
      0.50000000000000011, 
      0.8660254037844386, 
      0.0, 
      0.49082698382078149
    ], 
    [
      0.0, 
      0.0, 
      1.0, 
      57.0
    ], 
    [
      0.8660254037844386, 
      -0.50000000000000011, 
      0.0, 
      -2.2240991435777175
    ], 
    [
      0.0, 
      0.0, 
      0.0, 
      1.0
    ]
  ], 
  [
    [
      0.86602540378443871, 
      -0.49999999999999994, 
      0.0, 
      0.49082698382078149
    ], 
    [
      0.0, 
      0.0, 
      1.0, 
      0.0
    ], 
    [
      -0.49999999999999994, 
      -0.86602540378443871, 
      0.0, 
      -5.2240991435777175
    ], 
    [
      0.0, 
      0.0, 
      0.0, 
      1.0
    ]
  ], 
  [
    [
      0.70710678118654757, 
      -0.70710678118654757, 
      0.0, 
      0.49082698382078149
    ], 
    [
      0.0, 
      0.0, 
      1.0, 
      3.0
    ], 
    [
      -0.70710678118654757, 
      -0.70710678118654757, 
      0.0, 
      -5.2240991435777175
    ], 
    [
      0.0, 
      0.0, 
      0.0, 
      1.0
    ]
  ], 
  [
    [
      0.50000000000000011, 
      -0.8660254037844386, 
      0.0, 
      0.49082698382078149
    ], 
    [
      0.0, 
      0.0, 
      1.0, 
      6.0
    ], 
    [
      -0.8660254037844386, 
      -0.50000000000000011, 
      0.0, 
      -5.2240991435777175
    ], 
    [
      0.0, 
      0.0, 
      0.0, 
      1.0
    ]
  ], 
  [
    [
      0.25881904510252074, 
      -0.96592582628906831, 
      0.0, 
      0.49082698382078149
    ], 
    [
      0.0, 
      0.0, 
      1.0, 
      9.0
    ], 
    [
      -0.96592582628906831, 
      -0.25881904510252074, 
      0.0, 
      -5.2240991435777175
    ], 
    [
      0.0, 
      0.0, 
      0.0, 
      1.0
    ]
  ], 
  [
    [
      0.0, 
      -1.0, 
      0.0, 
      0.49082698382078149
    ], 
    [
      0.0, 
      0.0, 
      1.0, 
      12.0
    ], 
    [
      -1.0, 
      0.0, 
      0.0, 
      -5.2240991435777175
    ], 
    [
      0.0, 
      0.0, 
      0.0, 
      1.0
    ]
  ], 
  [
    [
      -0.25881904510252085, 
      -0.96592582628906831, 
      0.0, 
      0.49082698382078149
    ], 
    [
      0.0, 
      0.0, 
      0.99999999999999989, 
      15.0
    ], 
    [
      -0.96592582628906831, 
      0.25881904510252085, 
      0.0, 
      -5.2240991435777175
    ], 
    [
      0.0, 
      0.0, 
      0.0, 
      1.0
    ]
  ], 
  [
    [
      -0.49999999999999978, 
      -0.86602540378443871, 
      0.0, 
      0.49082698382078149
    ], 
    [
      0.0, 
      0.0, 
      1.0, 
      18.0
    ], 
    [
      -0.86602540378443871, 
      0.49999999999999978, 
      0.0, 
      -5.2240991435777175
    ], 
    [
      0.0, 
      0.0, 
      0.0, 
      1.0
    ]
  ], 
  [
    [
      -0.70710678118654746, 
      -0.70710678118654757, 
      0.0, 
      0.49082698382078149
    ], 
    [
      0.0, 
      0.0, 
      1.0, 
      21.0
    ], 
    [
      -0.70710678118654757, 
      0.70710678118654746, 
      0.0, 
      -5.2240991435777175
    ], 
    [
      0.0, 
      0.0, 
      0.0, 
      1.0
    ]
  ], 
  [
    [
      -0.86602540378443871, 
      -0.49999999999999994, 
      0.0, 
      0.49082698382078149
    ], 
    [
      0.0, 
      0.0, 
      1.0, 
      24.0
    ], 
    [
      -0.49999999999999994, 
      0.86602540378443871, 
      0.0, 
      -5.2240991435777175
    ], 
    [
      0.0, 
      0.0, 
      0.0, 
      1.0
    ]
  ], 
  [
    [
      -0.9659258262890682, 
      -0.25881904510252102, 
      0.0, 
      0.49082698382078149
    ], 
    [
      0.0, 
      0.0, 
      1.0, 
      27.0
    ], 
    [
      -0.25881904510252102, 
      0.9659258262890682, 
      0.0, 
      -5.2240991435777175
    ], 
    [
      0.0, 
      0.0, 
      0.0, 
      1.0
    ]
  ], 
  [
    [
      -1.0, 
      0.0, 
      0.0, 
      0.49082698382078149
    ], 
    [
      0.0, 
      0.0, 
      1.0, 
      30.0
    ], 
    [
      0.0, 
      1.0, 
      0.0, 
      -5.2240991435777175
    ], 
    [
      0.0, 
      0.0, 
      0.0, 
      1.0
    ]
  ], 
  [
    [
      -0.96592582628906831, 
      0.25881904510252079, 
      0.0, 
      0.49082698382078149
    ], 
    [
      0.0, 
      0.0, 
      0.99999999999999989, 
      33.0
    ], 
    [
      0.25881904510252079, 
      0.96592582628906831, 
      0.0, 
      -5.2240991435777175
    ], 
    [
      0.0, 
      0.0, 
      0.0, 
      1.0
    ]
  ], 
  [
    [
      -0.8660254037844386, 
      0.50000000000000011, 
      0.0, 
      0.49082698382078149
    ], 
    [
      0.0, 
      0.0, 
      1.0, 
      36.0
    ], 
    [
      0.50000000000000011, 
      0.8660254037844386, 
      0.0, 
      -5.2240991435777175
    ], 
    [
      0.0, 
      0.0, 
      0.0, 
      1.0
    ]
  ], 
  [
    [
      -0.70710678118654768, 
      0.70710678118654746, 
      0.0, 
      0.49082698382078149
    ], 
    [
      0.0, 
      0.0, 
      1.0, 
      39.0
    ], 
    [
      0.70710678118654746, 
      0.70710678118654768, 
      0.0, 
      -5.2240991435777175
    ], 
    [
      0.0, 
      0.0, 
      0.0, 
      1.0
    ]
  ], 
  [
    [
      -0.50000000000000044, 
      0.86602540378443849, 
      0.0, 
      0.49082698382078149
    ], 
    [
      0.0, 
      0.0, 
      1.0, 
      42.0
    ], 
    [
      0.86602540378443849, 
      0.50000000000000044, 
      0.0, 
      -5.2240991435777175
    ], 
    [
      0.0, 
      0.0, 
      0.0, 
      1.0
    ]
  ], 
  [
    [
      -0.25881904510252063, 
      0.96592582628906831, 
      0.0, 
      0.49082698382078149
    ], 
    [
      0.0, 
      0.0, 
      1.0, 
      45.0
    ], 
    [
      0.96592582628906831, 
      0.25881904510252063, 
      0.0, 
      -5.2240991435777175
    ], 
    [
      0.0, 
      0.0, 
      0.0, 
      1.0
    ]
  ], 
  [
    [
      0.0, 
      1.0, 
      0.0, 
      0.49082698382078149
    ], 
    [
      0.0, 
      0.0, 
      1.0, 
      48.0
    ], 
    [
      1.0, 
      0.0, 
      0.0, 
      -5.2240991435777175
    ], 
    [
      0.0, 
      0.0, 
      0.0, 
      1.0
    ]
  ], 
  [
    [
      0.2588190451025203, 
      0.96592582628906842, 
      0.0, 
      0.49082698382078149
    ], 
    [
      0.0, 
      0.0, 
      1.0, 
      51.0
    ], 
    [
      0.96592582628906842, 
      -0.2588190451025203, 
      0.0, 
      -5.2240991435777175
    ], 
    [
      0.0, 
      0.0, 
      0.0, 
      1.0
    ]
  ], 
  [
    [
      0.50000000000000011, 
      0.8660254037844386, 
      0.0, 
      0.49082698382078149
    ], 
    [
      0.0, 
      0.0, 
      1.0, 
      54.0
    ], 
    [
      0.8660254037844386, 
      -0.50000000000000011, 
      0.0, 
      -5.2240991435777175
    ], 
    [
      0.0, 
      0.0, 
      0.0, 
      1.0
    ]
  ], 
  [
    [
      0.70710678118654735, 
      0.70710678118654768, 
      0.0, 
      0.49082698382078149
    ], 
    [
      0.0, 
      0.0, 
      1.0, 
      57.0
    ], 
    [
      0.70710678118654768, 
      -0.70710678118654735, 
      0.0, 
      -5.2240991435777175
    ], 
    [
      0.0, 
      0.0, 
      0.0, 
      1.0
    ]
  ], 
  [
    [
      0.70710678118654757, 
      -0.70710678118654757, 
      0.0, 
      0.49082698382078149
    ], 
    [
      0.0, 
      0.0, 
      1.0, 
      0.0
    ], 
    [
      -0.70710678118654757, 
      -0.70710678118654757, 
      0.0, 
      -8.2240991435777175
    ], 
    [
      0.0, 
      0.0, 
      0.0, 
      1.0
    ]
  ], 
  [
    [
      0.50000000000000011, 
      -0.8660254037844386, 
      0.0, 
      0.49082698382078149
    ], 
    [
      0.0, 
      0.0, 
      1.0, 
      3.0
    ], 
    [
      -0.8660254037844386, 
      -0.50000000000000011, 
      0.0, 
      -8.2240991435777175
    ], 
    [
      0.0, 
      0.0, 
      0.0, 
      1.0
    ]
  ], 
  [
    [
      0.25881904510252074, 
      -0.96592582628906831, 
      0.0, 
      0.49082698382078149
    ], 
    [
      0.0, 
      0.0, 
      1.0, 
      6.0
    ], 
    [
      -0.96592582628906831, 
      -0.25881904510252074, 
      0.0, 
      -8.2240991435777175
    ], 
    [
      0.0, 
      0.0, 
      0.0, 
      1.0
    ]
  ], 
  [
    [
      0.0, 
      -1.0, 
      0.0, 
      0.49082698382078149
    ], 
    [
      0.0, 
      0.0, 
      1.0, 
      9.0
    ], 
    [
      -1.0, 
      0.0, 
      0.0, 
      -8.2240991435777175
    ], 
    [
      0.0, 
      0.0, 
      0.0, 
      1.0
    ]
  ], 
  [
    [
      -0.25881904510252085, 
      -0.96592582628906831, 
      0.0, 
      0.49082698382078149
    ], 
    [
      0.0, 
      0.0, 
      0.99999999999999989, 
      12.0
    ], 
    [
      -0.96592582628906831, 
      0.25881904510252085, 
      0.0, 
      -8.2240991435777175
    ], 
    [
      0.0, 
      0.0, 
      0.0, 
      1.0
    ]
  ], 
  [
    [
      -0.49999999999999978, 
      -0.86602540378443871, 
      0.0, 
      0.49082698382078149
    ], 
    [
      0.0, 
      0.0, 
      1.0, 
      15.0
    ], 
    [
      -0.86602540378443871, 
      0.49999999999999978, 
      0.0, 
      -8.2240991435777175
    ], 
    [
      0.0, 
      0.0, 
      0.0, 
      1.0
    ]
  ], 
  [
    [
      -0.70710678118654746, 
      -0.70710678118654757, 
      0.0, 
      0.49082698382078149
    ], 
    [
      0.0, 
      0.0, 
      1.0, 
      18.0
    ], 
    [
      -0.70710678118654757, 
      0.70710678118654746, 
      0.0, 
      -8.2240991435777175
    ], 
    [
      0.0, 
      0.0, 
      0.0, 
      1.0
    ]
  ], 
  [
    [
      -0.86602540378443871, 
      -0.49999999999999994, 
      0.0, 
      0.49082698382078149
    ], 
    [
      0.0, 
      0.0, 
      1.0, 
      21.0
    ], 
    [
      -0.49999999999999994, 
      0.86602540378443871, 
      0.0, 
      -8.2240991435777175
    ], 
    [
      0.0, 
      0.0, 
      0.0, 
      1.0
    ]
  ], 
  [
    [
      -0.9659258262890682, 
      -0.25881904510252102, 
      0.0, 
      0.49082698382078149
    ], 
    [
      0.0, 
      0.0, 
      1.0, 
      24.0
    ], 
    [
      -0.25881904510252102, 
      0.9659258262890682, 
      0.0, 
      -8.2240991435777175
    ], 
    [
      0.0, 
      0.0, 
      0.0, 
      1.0
    ]
  ], 
  [
    [
      -1.0, 
      0.0, 
      0.0, 
      0.49082698382078149
    ], 
    [
      0.0, 
      0.0, 
      1.0, 
      27.0
    ], 
    [
      0.0, 
      1.0, 
      0.0, 
      -8.2240991435777175
    ], 
    [
      0.0, 
      0.0, 
      0.0, 
      1.0
    ]
  ], 
  [
    [
      -0.96592582628906831, 
      0.25881904510252079, 
      0.0, 
      0.49082698382078149
    ], 
    [
      0.0, 
      0.0, 
      0.99999999999999989, 
      30.0
    ], 
    [
      0.25881904510252079, 
      0.96592582628906831, 
      0.0, 
      -8.2240991435777175
    ], 
    [
      0.0, 
      0.0, 
      0.0, 
      1.0
    ]
  ], 
  [
    [
      -0.8660254037844386, 
      0.50000000000000011, 
      0.0, 
      0.49082698382078149
    ], 
    [
      0.0, 
      0.0, 
      1.0, 
      33.0
    ], 
    [
      0.50000000000000011, 
      0.8660254037844386, 
      0.0, 
      -8.2240991435777175
    ], 
    [
      0.0, 
      0.0, 
      0.0, 
      1.0
    ]
  ], 
  [
    [
      -0.70710678118654768, 
      0.70710678118654746, 
      0.0, 
      0.49082698382078149
    ], 
    [
      0.0, 
      0.0, 
      1.0, 
      36.0
    ], 
    [
      0.70710678118654746, 
      0.70710678118654768, 
      0.0, 
      -8.2240991435777175
    ], 
    [
      0.0, 
      0.0, 
      0.0, 
      1.0
    ]
  ], 
  [
    [
      -0.50000000000000044, 
      0.86602540378443849, 
      0.0, 
      0.49082698382078149
    ], 
    [
      0.0, 
      0.0, 
      1.0, 
      39.0
    ], 
    [
      0.86602540378443849, 
      0.50000000000000044, 
      0.0, 
      -8.2240991435777175
    ], 
    [
      0.0, 
      0.0, 
      0.0, 
      1.0
    ]
  ], 
  [
    [
      -0.25881904510252063, 
      0.96592582628906831, 
      0.0, 
      0.49082698382078149
    ], 
    [
      0.0, 
      0.0, 
      1.0, 
      42.0
    ], 
    [
      0.96592582628906831, 
      0.25881904510252063, 
      0.0, 
      -8.2240991435777175
    ], 
    [
      0.0, 
      0.0, 
      0.0, 
      1.0
    ]
  ], 
  [
    [
      0.0, 
      1.0, 
      0.0, 
      0.49082698382078149
    ], 
    [
      0.0, 
      0.0, 
      1.0, 
      45.0
    ], 
    [
      1.0, 
      0.0, 
      0.0, 
      -8.2240991435777175
    ], 
    [
      0.0, 
      0.0, 
      0.0, 
      1.0
    ]
  ], 
  [
    [
      0.2588190451025203, 
      0.96592582628906842, 
      0.0, 
      0.49082698382078149
    ], 
    [
      0.0, 
      0.0, 
      1.0, 
      48.0
    ], 
    [
      0.96592582628906842, 
      -0.2588190451025203, 
      0.0, 
      -8.2240991435777175
    ], 
    [
      0.0, 
      0.0, 
      0.0, 
      1.0
    ]
  ], 
  [
    [
      0.50000000000000011, 
      0.8660254037844386, 
      0.0, 
      0.49082698382078149
    ], 
    [
      0.0, 
      0.0, 
      1.0, 
      51.0
    ], 
    [
      0.8660254037844386, 
      -0.50000000000000011, 
      0.0, 
      -8.2240991435777175
    ], 
    [
      0.0, 
      0.0, 
      0.0, 
      1.0
    ]
  ], 
  [
    [
      0.70710678118654735, 
      0.70710678118654768, 
      0.0, 
      0.49082698382078149
    ], 
    [
      0.0, 
      0.0, 
      1.0, 
      54.0
    ], 
    [
      0.70710678118654768, 
      -0.70710678118654735, 
      0.0, 
      -8.2240991435777175
    ], 
    [
      0.0, 
      0.0, 
      0.0, 
      1.0
    ]
  ], 
  [
    [
      0.86602540378443837, 
      0.50000000000000044, 
      0.0, 
      0.49082698382078149
    ], 
    [
      0.0, 
      0.0, 
      1.0, 
      57.0
    ], 
    [
      0.50000000000000044, 
      -0.86602540378443837, 
      0.0, 
      -8.2240991435777175
    ], 
    [
      0.0, 
      0.0, 
      0.0, 
      1.0
    ]
  ], 
  [
    [
      0.50000000000000011, 
      -0.8660254037844386, 
      0.0, 
      0.49082698382078149
    ], 
    [
      0.0, 
      0.0, 
      1.0, 
      0.0
    ], 
    [
      -0.8660254037844386, 
      -0.50000000000000011, 
      0.0, 
      -11.224099143577718
    ], 
    [
      0.0, 
      0.0, 
      0.0, 
      1.0
    ]
  ], 
  [
    [
      0.25881904510252074, 
      -0.96592582628906831, 
      0.0, 
      0.49082698382078149
    ], 
    [
      0.0, 
      0.0, 
      1.0, 
      3.0
    ], 
    [
      -0.96592582628906831, 
      -0.25881904510252074, 
      0.0, 
      -11.224099143577718
    ], 
    [
      0.0, 
      0.0, 
      0.0, 
      1.0
    ]
  ], 
  [
    [
      0.0, 
      -1.0, 
      0.0, 
      0.49082698382078149
    ], 
    [
      0.0, 
      0.0, 
      1.0, 
      6.0
    ], 
    [
      -1.0, 
      0.0, 
      0.0, 
      -11.224099143577718
    ], 
    [
      0.0, 
      0.0, 
      0.0, 
      1.0
    ]
  ], 
  [
    [
      -0.25881904510252085, 
      -0.96592582628906831, 
      0.0, 
      0.49082698382078149
    ], 
    [
      0.0, 
      0.0, 
      0.99999999999999989, 
      9.0
    ], 
    [
      -0.96592582628906831, 
      0.25881904510252085, 
      0.0, 
      -11.224099143577718
    ], 
    [
      0.0, 
      0.0, 
      0.0, 
      1.0
    ]
  ], 
  [
    [
      -0.49999999999999978, 
      -0.86602540378443871, 
      0.0, 
      0.49082698382078149
    ], 
    [
      0.0, 
      0.0, 
      1.0, 
      12.0
    ], 
    [
      -0.86602540378443871, 
      0.49999999999999978, 
      0.0, 
      -11.224099143577718
    ], 
    [
      0.0, 
      0.0, 
      0.0, 
      1.0
    ]
  ], 
  [
    [
      -0.70710678118654746, 
      -0.70710678118654757, 
      0.0, 
      0.49082698382078149
    ], 
    [
      0.0, 
      0.0, 
      1.0, 
      15.0
    ], 
    [
      -0.70710678118654757, 
      0.70710678118654746, 
      0.0, 
      -11.224099143577718
    ], 
    [
      0.0, 
      0.0, 
      0.0, 
      1.0
    ]
  ], 
  [
    [
      -0.86602540378443871, 
      -0.49999999999999994, 
      0.0, 
      0.49082698382078149
    ], 
    [
      0.0, 
      0.0, 
      1.0, 
      18.0
    ], 
    [
      -0.49999999999999994, 
      0.86602540378443871, 
      0.0, 
      -11.224099143577718
    ], 
    [
      0.0, 
      0.0, 
      0.0, 
      1.0
    ]
  ], 
  [
    [
      -0.9659258262890682, 
      -0.25881904510252102, 
      0.0, 
      0.49082698382078149
    ], 
    [
      0.0, 
      0.0, 
      1.0, 
      21.0
    ], 
    [
      -0.25881904510252102, 
      0.9659258262890682, 
      0.0, 
      -11.224099143577718
    ], 
    [
      0.0, 
      0.0, 
      0.0, 
      1.0
    ]
  ], 
  [
    [
      -1.0, 
      0.0, 
      0.0, 
      0.49082698382078149
    ], 
    [
      0.0, 
      0.0, 
      1.0, 
      24.0
    ], 
    [
      0.0, 
      1.0, 
      0.0, 
      -11.224099143577718
    ], 
    [
      0.0, 
      0.0, 
      0.0, 
      1.0
    ]
  ], 
  [
    [
      -0.96592582628906831, 
      0.25881904510252079, 
      0.0, 
      0.49082698382078149
    ], 
    [
      0.0, 
      0.0, 
      0.99999999999999989, 
      27.0
    ], 
    [
      0.25881904510252079, 
      0.96592582628906831, 
      0.0, 
      -11.224099143577718
    ], 
    [
      0.0, 
      0.0, 
      0.0, 
      1.0
    ]
  ], 
  [
    [
      -0.8660254037844386, 
      0.50000000000000011, 
      0.0, 
      0.49082698382078149
    ], 
    [
      0.0, 
      0.0, 
      1.0, 
      30.0
    ], 
    [
      0.50000000000000011, 
      0.8660254037844386, 
      0.0, 
      -11.224099143577718
    ], 
    [
      0.0, 
      0.0, 
      0.0, 
      1.0
    ]
  ], 
  [
    [
      -0.70710678118654768, 
      0.70710678118654746, 
      0.0, 
      0.49082698382078149
    ], 
    [
      0.0, 
      0.0, 
      1.0, 
      33.0
    ], 
    [
      0.70710678118654746, 
      0.70710678118654768, 
      0.0, 
      -11.224099143577718
    ], 
    [
      0.0, 
      0.0, 
      0.0, 
      1.0
    ]
  ], 
  [
    [
      -0.50000000000000044, 
      0.86602540378443849, 
      0.0, 
      0.49082698382078149
    ], 
    [
      0.0, 
      0.0, 
      1.0, 
      36.0
    ], 
    [
      0.86602540378443849, 
      0.50000000000000044, 
      0.0, 
      -11.224099143577718
    ], 
    [
      0.0, 
      0.0, 
      0.0, 
      1.0
    ]
  ], 
  [
    [
      -0.25881904510252063, 
      0.96592582628906831, 
      0.0, 
      0.49082698382078149
    ], 
    [
      0.0, 
      0.0, 
      1.0, 
      39.0
    ], 
    [
      0.96592582628906831, 
      0.25881904510252063, 
      0.0, 
      -11.224099143577718
    ], 
    [
      0.0, 
      0.0, 
      0.0, 
      1.0
    ]
  ], 
  [
    [
      0.0, 
      1.0, 
      0.0, 
      0.49082698382078149
    ], 
    [
      0.0, 
      0.0, 
      1.0, 
      42.0
    ], 
    [
      1.0, 
      0.0, 
      0.0, 
      -11.224099143577718
    ], 
    [
      0.0, 
      0.0, 
      0.0, 
      1.0
    ]
  ], 
  [
    [
      0.2588190451025203, 
      0.96592582628906842, 
      0.0, 
      0.49082698382078149
    ], 
    [
      0.0, 
      0.0, 
      1.0, 
      45.0
    ], 
    [
      0.96592582628906842, 
      -0.2588190451025203, 
      0.0, 
      -11.224099143577718
    ], 
    [
      0.0, 
      0.0, 
      0.0, 
      1.0
    ]
  ], 
  [
    [
      0.50000000000000011, 
      0.8660254037844386, 
      0.0, 
      0.49082698382078149
    ], 
    [
      0.0, 
      0.0, 
      1.0, 
      48.0
    ], 
    [
      0.8660254037844386, 
      -0.50000000000000011, 
      0.0, 
      -11.224099143577718
    ], 
    [
      0.0, 
      0.0, 
      0.0, 
      1.0
    ]
  ], 
  [
    [
      0.70710678118654735, 
      0.70710678118654768, 
      0.0, 
      0.49082698382078149
    ], 
    [
      0.0, 
      0.0, 
      1.0, 
      51.0
    ], 
    [
      0.70710678118654768, 
      -0.70710678118654735, 
      0.0, 
      -11.224099143577718
    ], 
    [
      0.0, 
      0.0, 
      0.0, 
      1.0
    ]
  ], 
  [
    [
      0.86602540378443837, 
      0.50000000000000044, 
      0.0, 
      0.49082698382078149
    ], 
    [
      0.0, 
      0.0, 
      1.0, 
      54.0
    ], 
    [
      0.50000000000000044, 
      -0.86602540378443837, 
      0.0, 
      -11.224099143577718
    ], 
    [
      0.0, 
      0.0, 
      0.0, 
      1.0
    ]
  ], 
  [
    [
      0.96592582628906831, 
      0.25881904510252068, 
      0.0, 
      0.49082698382078149
    ], 
    [
      0.0, 
      0.0, 
      1.0, 
      57.0
    ], 
    [
      0.25881904510252068, 
      -0.96592582628906831, 
      0.0, 
      -11.224099143577718
    ], 
    [
      0.0, 
      0.0, 
      0.0, 
      1.0
    ]
  ], 
  [
    [
      0.96592582628906831, 
      -0.25881904510252074, 
      0.0, 
      3.4908269838207815
    ], 
    [
      0.0, 
      0.0, 
      1.0, 
      0.0
    ], 
    [
      -0.25881904510252074, 
      -0.96592582628906831, 
      0.0, 
      0.77590085642228246
    ], 
    [
      0.0, 
      0.0, 
      0.0, 
      1.0
    ]
  ], 
  [
    [
      0.86602540378443871, 
      -0.49999999999999994, 
      0.0, 
      3.4908269838207815
    ], 
    [
      0.0, 
      0.0, 
      1.0, 
      3.0
    ], 
    [
      -0.49999999999999994, 
      -0.86602540378443871, 
      0.0, 
      0.77590085642228246
    ], 
    [
      0.0, 
      0.0, 
      0.0, 
      1.0
    ]
  ], 
  [
    [
      0.70710678118654757, 
      -0.70710678118654757, 
      0.0, 
      3.4908269838207815
    ], 
    [
      0.0, 
      0.0, 
      1.0, 
      6.0
    ], 
    [
      -0.70710678118654757, 
      -0.70710678118654757, 
      0.0, 
      0.77590085642228246
    ], 
    [
      0.0, 
      0.0, 
      0.0, 
      1.0
    ]
  ], 
  [
    [
      0.50000000000000011, 
      -0.8660254037844386, 
      0.0, 
      3.4908269838207815
    ], 
    [
      0.0, 
      0.0, 
      1.0, 
      9.0
    ], 
    [
      -0.8660254037844386, 
      -0.50000000000000011, 
      0.0, 
      0.77590085642228246
    ], 
    [
      0.0, 
      0.0, 
      0.0, 
      1.0
    ]
  ], 
  [
    [
      0.25881904510252074, 
      -0.96592582628906831, 
      0.0, 
      3.4908269838207815
    ], 
    [
      0.0, 
      0.0, 
      1.0, 
      12.0
    ], 
    [
      -0.96592582628906831, 
      -0.25881904510252074, 
      0.0, 
      0.77590085642228246
    ], 
    [
      0.0, 
      0.0, 
      0.0, 
      1.0
    ]
  ], 
  [
    [
      0.0, 
      -1.0, 
      0.0, 
      3.4908269838207815
    ], 
    [
      0.0, 
      0.0, 
      1.0, 
      15.0
    ], 
    [
      -1.0, 
      0.0, 
      0.0, 
      0.77590085642228246
    ], 
    [
      0.0, 
      0.0, 
      0.0, 
      1.0
    ]
  ], 
  [
    [
      -0.25881904510252085, 
      -0.96592582628906831, 
      0.0, 
      3.4908269838207815
    ], 
    [
      0.0, 
      0.0, 
      0.99999999999999989, 
      18.0
    ], 
    [
      -0.96592582628906831, 
      0.25881904510252085, 
      0.0, 
      0.77590085642228246
    ], 
    [
      0.0, 
      0.0, 
      0.0, 
      1.0
    ]
  ], 
  [
    [
      -0.49999999999999978, 
      -0.86602540378443871, 
      0.0, 
      3.4908269838207815
    ], 
    [
      0.0, 
      0.0, 
      1.0, 
      21.0
    ], 
    [
      -0.86602540378443871, 
      0.49999999999999978, 
      0.0, 
      0.77590085642228246
    ], 
    [
      0.0, 
      0.0, 
      0.0, 
      1.0
    ]
  ], 
  [
    [
      -0.70710678118654746, 
      -0.70710678118654757, 
      0.0, 
      3.4908269838207815
    ], 
    [
      0.0, 
      0.0, 
      1.0, 
      24.0
    ], 
    [
      -0.70710678118654757, 
      0.70710678118654746, 
      0.0, 
      0.77590085642228246
    ], 
    [
      0.0, 
      0.0, 
      0.0, 
      1.0
    ]
  ], 
  [
    [
      -0.86602540378443871, 
      -0.49999999999999994, 
      0.0, 
      3.4908269838207815
    ], 
    [
      0.0, 
      0.0, 
      1.0, 
      27.0
    ], 
    [
      -0.49999999999999994, 
      0.86602540378443871, 
      0.0, 
      0.77590085642228246
    ], 
    [
      0.0, 
      0.0, 
      0.0, 
      1.0
    ]
  ], 
  [
    [
      -0.9659258262890682, 
      -0.25881904510252102, 
      0.0, 
      3.4908269838207815
    ], 
    [
      0.0, 
      0.0, 
      1.0, 
      30.0
    ], 
    [
      -0.25881904510252102, 
      0.9659258262890682, 
      0.0, 
      0.77590085642228246
    ], 
    [
      0.0, 
      0.0, 
      0.0, 
      1.0
    ]
  ], 
  [
    [
      -1.0, 
      0.0, 
      0.0, 
      3.4908269838207815
    ], 
    [
      0.0, 
      0.0, 
      1.0, 
      33.0
    ], 
    [
      0.0, 
      1.0, 
      0.0, 
      0.77590085642228246
    ], 
    [
      0.0, 
      0.0, 
      0.0, 
      1.0
    ]
  ], 
  [
    [
      -0.96592582628906831, 
      0.25881904510252079, 
      0.0, 
      3.4908269838207815
    ], 
    [
      0.0, 
      0.0, 
      0.99999999999999989, 
      36.0
    ], 
    [
      0.25881904510252079, 
      0.96592582628906831, 
      0.0, 
      0.77590085642228246
    ], 
    [
      0.0, 
      0.0, 
      0.0, 
      1.0
    ]
  ], 
  [
    [
      -0.8660254037844386, 
      0.50000000000000011, 
      0.0, 
      3.4908269838207815
    ], 
    [
      0.0, 
      0.0, 
      1.0, 
      39.0
    ], 
    [
      0.50000000000000011, 
      0.8660254037844386, 
      0.0, 
      0.77590085642228246
    ], 
    [
      0.0, 
      0.0, 
      0.0, 
      1.0
    ]
  ], 
  [
    [
      -0.70710678118654768, 
      0.70710678118654746, 
      0.0, 
      3.4908269838207815
    ], 
    [
      0.0, 
      0.0, 
      1.0, 
      42.0
    ], 
    [
      0.70710678118654746, 
      0.70710678118654768, 
      0.0, 
      0.77590085642228246
    ], 
    [
      0.0, 
      0.0, 
      0.0, 
      1.0
    ]
  ], 
  [
    [
      -0.50000000000000044, 
      0.86602540378443849, 
      0.0, 
      3.4908269838207815
    ], 
    [
      0.0, 
      0.0, 
      1.0, 
      45.0
    ], 
    [
      0.86602540378443849, 
      0.50000000000000044, 
      0.0, 
      0.77590085642228246
    ], 
    [
      0.0, 
      0.0, 
      0.0, 
      1.0
    ]
  ], 
  [
    [
      -0.25881904510252063, 
      0.96592582628906831, 
      0.0, 
      3.4908269838207815
    ], 
    [
      0.0, 
      0.0, 
      1.0, 
      48.0
