[
  [
    [
      1.0, 
      0.0, 
      0.0, 
      35.295708431565679
    ], 
    [
      0.0, 
      0.0, 
      1.0, 
      0.0
    ], 
    [
      0.0, 
      -1.0, 
      0.0, 
      -17.357724826308100
    ], 
    [
      0.0, 
      0.0, 
      0.0, 
      1.0
    ]
  ], 
  [
    [
      0.96592582628906831, 
      -0.25881904510252074, 
      0.0, 
      35.295708431565679
    ], 
    [
      0.0, 
      0.0, 
      1.0, 
      0.59999999999999998
    ], 
    [
      -0.25881904510252074, 
      -0.96592582628906831, 
      0.0, 
      -17.357724826308100
    ], 
    [
      0.0, 
      0.0, 
      0.0, 
      1.0
    ]
  ], 
  [
    [
      0.86602540378443871, 
      -0.49999999999999994, 
      0.0, 
      35.295708431565679
    ], 
    [
      0.0, 
      0.0, 
      1.0, 
      1.2000000000000000
    ], 
    [
      -0.49999999999999994, 
      -0.86602540378443871, 
      0.0, 
      -17.357724826308100
    ], 
    [
      0.0, 
      0.0, 
      0.0, 
      1.0
    ]
  ], 
  [
    [
      0.70710678118654757, 
      -0.70710678118654757, 
      0.0, 
      35.295708431565679
    ], 
    [
      0.0, 
      0.0, 
      1.0, 
      1.7999999999999998
    ], 
    [
      -0.70710678118654757, 
      -0.70710678118654757, 
      0.0, 
      -17.357724826308100
    ], 
    [
      0.0, 
      0.0, 
      0.0, 
      1.0
    ]
  ], 
  [
    [
      0.50000000000000011, 
      -0.8660254037844386, 
      0.0, 
      35.295708431565679
    ], 
    [
      0.0, 
      0.0, 
      1.0, 
      2.3999999999999999
    ], 
    [
      -0.8660254037844386, 
      -0.50000000000000011, 
      0.0, 
      -17.357724826308100
    ], 
    [
      0.0, 
      0.0, 
      0.0, 
      1.0
    ]
  ], 
  [
    [
      0.25881904510252074, 
      -0.96592582628906831, 
      0.0, 
      35.295708431565679
    ], 
    [
      0.0, 
      0.0, 
      1.0, 
      3.0
    ], 
    [
      -0.96592582628906831, 
      -0.25881904510252074, 
      0.0, 
      -17.357724826308100
    ], 
    [
      0.0, 
      0.0, 
      0.0, 
      1.0
    ]
  ], 
  [
    [
      0.0, 
      -1.0, 
      0.0, 
      35.295708431565679
    ], 
    [
      0.0, 
      0.0, 
      1.0, 
      3.5999999999999996
    ], 
    [
      -1.0, 
      0.0, 
      0.0, 
      -17.357724826308100
    ], 
    [
      0.0, 
      0.0, 
      0.0, 
      1.0
    ]
  ], 
  [
    [
      -0.25881904510252085, 
      -0.96592582628906831, 
      0.0, 
      35.295708431565679
    ], 
    [
      0.0, 
      0.0, 
      0.99999999999999989, 
      4.2000000000000002
    ], 
    [
      -0.96592582628906831, 
      0.25881904510252085, 
      0.0, 
      -17.357724826308100
    ], 
    [
      0.0, 
      0.0, 
      0.0, 
      1.0
    ]
  ], 
  [
    [
      -0.49999999999999978, 
      -0.86602540378443871, 
      0.0, 
      35.295708431565679
    ], 
    [
      0.0, 
      0.0, 
      1.0, 
      4.7999999999999998
    ], 
    [
      -0.86602540378443871, 
      0.49999999999999978, 
      0.0, 
      -17.357724826308100
    ], 
    [
      0.0, 
      0.0, 
      0.0, 
      1.0
    ]
  ], 
  [
    [
      -0.70710678118654746, 
      -0.70710678118654757, 
      0.0, 
      35.295708431565679
    ], 
    [
      0.0, 
      0.0, 
      1.0, 
      5.3999999999999995
    ], 
    [
      -0.70710678118654757, 
      0.70710678118654746, 
      0.0, 
      -17.357724826308100
    ], 
    [
      0.0, 
      0.0, 
      0.0, 
      1.0
    ]
  ], 
  [
    [
      -0.86602540378443871, 
      -0.49999999999999994, 
      0.0, 
      35.295708431565679
    ], 
    [
      0.0, 
      0.0, 
      1.0, 
      6.0
    ], 
    [
      -0.49999999999999994, 
      0.86602540378443871, 
      0.0, 
      -17.357724826308100
    ], 
    [
      0.0, 
      0.0, 
      0.0, 
      1.0
    ]
  ], 
  [
    [
      -0.9659258262890682, 
      -0.25881904510252102, 
      0.0, 
      35.295708431565679
    ], 
    [
      0.0, 
      0.0, 
      1.0, 
      6.5999999999999996
    ], 
    [
      -0.25881904510252102, 
      0.9659258262890682, 
      0.0, 
      -17.357724826308100
    ], 
    [
      0.0, 
      0.0, 
      0.0, 
      1.0
    ]
  ], 
  [
    [
      0.96592582628906831, 
      -0.25881904510252074, 
      0.0, 
      35.295708431565679
    ], 
    [
      0.0, 
      0.0, 
      1.0, 
      0.0
    ], 
    [
      -0.25881904510252074, 
      -0.96592582628906831, 
      0.0, 
      -17.957724826308102
    ], 
    [
      0.0, 
      0.0, 
      0.0, 
      1.0
    ]
  ], 
  [
    [
      0.86602540378443871, 
      -0.49999999999999994, 
      0.0, 
      35.295708431565679
    ], 
    [
      0.0, 
      0.0, 
      1.0, 
      0.59999999999999998
    ], 
    [
      -0.49999999999999994, 
      -0.86602540378443871, 
      0.0, 
      -17.957724826308102
    ], 
    [
      0.0, 
      0.0, 
      0.0, 
      1.0
    ]
  ], 
  [
    [
      0.70710678118654757, 
      -0.70710678118654757, 
      0.0, 
      35.295708431565679
    ], 
    [
      0.0, 
      0.0, 
      1.0, 
      1.2000000000000000
    ], 
    [
      -0.70710678118654757, 
      -0.70710678118654757, 
      0.0, 
      -17.957724826308102
    ], 
    [
      0.0, 
      0.0, 
      0.0, 
      1.0
    ]
  ], 
  [
    [
      0.50000000000000011, 
      -0.8660254037844386, 
      0.0, 
      35.295708431565679
    ], 
    [
      0.0, 
      0.0, 
      1.0, 
      1.7999999999999998
    ], 
    [
      -0.8660254037844386, 
      -0.50000000000000011, 
      0.0, 
      -17.957724826308102
    ], 
    [
      0.0, 
      0.0, 
      0.0, 
      1.0
    ]
  ], 
  [
    [
      0.25881904510252074, 
      -0.96592582628906831, 
      0.0, 
      35.295708431565679
    ], 
    [
      0.0, 
      0.0, 
      1.0, 
      2.3999999999999999
    ], 
    [
      -0.96592582628906831, 
      -0.25881904510252074, 
      0.0, 
      -17.957724826308102
    ], 
    [
      0.0, 
      0.0, 
      0.0, 
      1.0
    ]
  ], 
  [
    [
      0.0, 
      -1.0, 
      0.0, 
      35.295708431565679
    ], 
    [
      0.0, 
      0.0, 
      1.0, 
      3.0
    ], 
    [
      -1.0, 
      0.0, 
      0.0, 
      -17.957724826308102
    ], 
    [
      0.0, 
      0.0, 
      0.0, 
      1.0
    ]
  ], 
  [
    [
      -0.25881904510252085, 
      -0.96592582628906831, 
      0.0, 
      35.295708431565679
    ], 
    [
      0.0, 
      0.0, 
      0.99999999999999989, 
      3.5999999999999996
    ], 
    [
      -0.96592582628906831, 
      0.25881904510252085, 
      0.0, 
      -17.957724826308102
    ], 
    [
      0.0, 
      0.0, 
      0.0, 
      1.0
    ]
  ], 
  [
    [
      -0.49999999999999978, 
      -0.86602540378443871, 
      0.0, 
      35.295708431565679
    ], 
    [
      0.0, 
      0.0, 
      1.0, 
      4.2000000000000002
    ], 
    [
      -0.86602540378443871, 
      0.49999999999999978, 
      0.0, 
      -17.957724826308102
    ], 
    [
      0.0, 
      0.0, 
      0.0, 
      1.0
    ]
  ], 
  [
    [
      -0.70710678118654746, 
      -0.70710678118654757, 
      0.0, 
      35.295708431565679
    ], 
    [
      0.0, 
      0.0, 
      1.0, 
      4.7999999999999998
    ], 
    [
      -0.70710678118654757, 
      0.70710678118654746, 
      0.0, 
      -17.957724826308102
    ], 
    [
      0.0, 
      0.0, 
      0.0, 
      1.0
    ]
  ], 
  [
    [
      -0.86602540378443871, 
      -0.49999999999999994, 
      0.0, 
      35.295708431565679
    ], 
    [
      0.0, 
      0.0, 
      1.0, 
      5.3999999999999995
    ], 
    [
      -0.49999999999999994, 
      0.86602540378443871, 
      0.0, 
      -17.957724826308102
    ], 
    [
      0.0, 
      0.0, 
      0.0, 
      1.0
    ]
  ], 
  [
    [
      -0.9659258262890682, 
      -0.25881904510252102, 
      0.0, 
      35.295708431565679
    ], 
    [
      0.0, 
      0.0, 
      1.0, 
      6.0
    ], 
    [
      -0.25881904510252102, 
      0.9659258262890682, 
      0.0, 
      -17.957724826308102
    ], 
    [
      0.0, 
      0.0, 
      0.0, 
      1.0
    ]
  ], 
  [
    [
      -1.0, 
      0.0, 
      0.0, 
      35.295708431565679
    ], 
    [
      0.0, 
      0.0, 
      1.0, 
      6.5999999999999996
    ], 
    [
      0.0, 
      1.0, 
      0.0, 
      -17.957724826308102
    ], 
    [
      0.0, 
      0.0, 
      0.0, 
      1.0
    ]
  ], 
  [
    [
      0.86602540378443871, 
      -0.49999999999999994, 
      0.0, 
      35.295708431565679
    ], 
    [
      0.0, 
      0.0, 
      1.0, 
      0.0
    ], 
    [
      -0.49999999999999994, 
      -0.86602540378443871, 
      0.0, 
      -18.557724826308100
    ], 
    [
      0.0, 
      0.0, 
      0.0, 
      1.0
    ]
  ], 
  [
    [
      0.70710678118654757, 
      -0.70710678118654757, 
      0.0, 
      35.295708431565679
    ], 
    [
      0.0, 
      0.0, 
      1.0, 
      0.59999999999999998
    ], 
    [
      -0.70710678118654757, 
      -0.70710678118654757, 
      0.0, 
      -18.557724826308100
    ], 
    [
      0.0, 
      0.0, 
      0.0, 
      1.0
    ]
  ], 
  [
    [
      0.50000000000000011, 
      -0.8660254037844386, 
      0.0, 
      35.295708431565679
    ], 
    [
      0.0, 
      0.0, 
      1.0, 
      1.2000000000000000
    ], 
    [
      -0.8660254037844386, 
      -0.50000000000000011, 
      0.0, 
      -18.557724826308100
    ], 
    [
      0.0, 
      0.0, 
      0.0, 
      1.0
    ]
  ], 
  [
    [
      0.25881904510252074, 
      -0.96592582628906831, 
      0.0, 
      35.295708431565679
    ], 
    [
      0.0, 
      0.0, 
      1.0, 
      1.7999999999999998
    ], 
    [
      -0.96592582628906831, 
      -0.25881904510252074, 
      0.0, 
      -18.557724826308100
    ], 
    [
      0.0, 
      0.0, 
      0.0, 
      1.0
    ]
  ], 
  [
    [
      0.0, 
      -1.0, 
      0.0, 
      35.295708431565679
    ], 
    [
      0.0, 
      0.0, 
      1.0, 
      2.3999999999999999
    ], 
    [
      -1.0, 
      0.0, 
      0.0, 
      -18.557724826308100
    ], 
    [
      0.0, 
      0.0, 
      0.0, 
      1.0
    ]
  ], 
  [
    [
      -0.25881904510252085, 
      -0.96592582628906831, 
      0.0, 
      35.295708431565679
    ], 
    [
      0.0, 
      0.0, 
      0.99999999999999989, 
      3.0
    ], 
    [
      -0.96592582628906831, 
      0.25881904510252085, 
      0.0, 
      -18.557724826308100
    ], 
    [
      0.0, 
      0.0, 
      0.0, 
      1.0
    ]
  ], 
  [
    [
      -0.49999999999999978, 
      -0.86602540378443871, 
      0.0, 
      35.295708431565679
    ], 
    [
      0.0, 
      0.0, 
      1.0, 
      3.5999999999999996
    ], 
    [
      -0.86602540378443871, 
      0.49999999999999978, 
      0.0, 
      -18.557724826308100
    ], 
    [
      0.0, 
      0.0, 
      0.0, 
      1.0
    ]
  ], 
  [
    [
      -0.70710678118654746, 
      -0.70710678118654757, 
      0.0, 
      35.295708431565679
    ], 
    [
      0.0, 
      0.0, 
      1.0, 
      4.2000000000000002
    ], 
    [
      -0.70710678118654757, 
      0.70710678118654746, 
      0.0, 
      -18.557724826308100
    ], 
    [
      0.0, 
      0.0, 
      0.0, 
      1.0
    ]
  ], 
  [
    [
      -0.86602540378443871, 
      -0.49999999999999994, 
      0.0, 
      35.295708431565679
    ], 
    [
      0.0, 
      0.0, 
      1.0, 
      4.7999999999999998
    ], 
    [
      -0.49999999999999994, 
      0.86602540378443871, 
      0.0, 
      -18.557724826308100
    ], 
    [
      0.0, 
      0.0, 
      0.0, 
      1.0
    ]
  ], 
  [
    [
      -0.9659258262890682, 
      -0.25881904510252102, 
      0.0, 
      35.295708431565679
    ], 
    [
      0.0, 
      0.0, 
      1.0, 
      5.3999999999999995
    ], 
    [
      -0.25881904510252102, 
      0.9659258262890682, 
      0.0, 
      -18.557724826308100
    ], 
    [
      0.0, 
      0.0, 
      0.0, 
      1.0
    ]
  ], 
  [
    [
      -1.0, 
      0.0, 
      0.0, 
      35.295708431565679
    ], 
    [
      0.0, 
      0.0, 
      1.0, 
      6.0
    ], 
    [
      0.0, 
      1.0, 
      0.0, 
      -18.557724826308100
    ], 
    [
      0.0, 
      0.0, 
      0.0, 
      1.0
    ]
  ], 
  [
    [
      -0.96592582628906831, 
      0.25881904510252079, 
      0.0, 
      35.295708431565679
    ], 
    [
      0.0, 
      0.0, 
      0.99999999999999989, 
      6.5999999999999996
    ], 
    [
      0.25881904510252079, 
      0.96592582628906831, 
      0.0, 
      -18.557724826308100
    ], 
    [
      0.0, 
      0.0, 
      0.0, 
      1.0
    ]
  ], 
  [
    [
      0.70710678118654757, 
      -0.70710678118654757, 
      0.0, 
      35.295708431565679
    ], 
    [
      0.0, 
      0.0, 
      1.0, 
      0.0
    ], 
    [
      -0.70710678118654757, 
      -0.70710678118654757, 
      0.0, 
      -19.157724826308101
    ], 
    [
      0.0, 
      0.0, 
      0.0, 
      1.0
    ]
  ], 
  [
    [
      0.50000000000000011, 
      -0.8660254037844386, 
      0.0, 
      35.295708431565679
    ], 
    [
      0.0, 
      0.0, 
      1.0, 
      0.59999999999999998
    ], 
    [
      -0.8660254037844386, 
      -0.50000000000000011, 
      0.0, 
      -19.157724826308101
    ], 
    [
      0.0, 
      0.0, 
      0.0, 
      1.0
    ]
  ], 
  [
    [
      0.25881904510252074, 
      -0.96592582628906831, 
      0.0, 
      35.295708431565679
    ], 
    [
      0.0, 
      0.0, 
      1.0, 
      1.2000000000000000
    ], 
    [
      -0.96592582628906831, 
      -0.25881904510252074, 
      0.0, 
      -19.157724826308101
    ], 
    [
      0.0, 
      0.0, 
      0.0, 
      1.0
    ]
  ], 
  [
    [
      0.0, 
      -1.0, 
      0.0, 
      35.295708431565679
    ], 
    [
      0.0, 
      0.0, 
      1.0, 
      1.7999999999999998
    ], 
    [
      -1.0, 
      0.0, 
      0.0, 
      -19.157724826308101
    ], 
    [
      0.0, 
      0.0, 
      0.0, 
      1.0
    ]
  ], 
  [
    [
      -0.25881904510252085, 
      -0.96592582628906831, 
      0.0, 
      35.295708431565679
    ], 
    [
      0.0, 
      0.0, 
      0.99999999999999989, 
      2.3999999999999999
    ], 
    [
      -0.96592582628906831, 
      0.25881904510252085, 
      0.0, 
      -19.157724826308101
    ], 
    [
      0.0, 
      0.0, 
      0.0, 
      1.0
    ]
  ], 
  [
    [
      -0.49999999999999978, 
      -0.86602540378443871, 
      0.0, 
      35.295708431565679
    ], 
    [
      0.0, 
      0.0, 
      1.0, 
      3.0
    ], 
    [
      -0.86602540378443871, 
      0.49999999999999978, 
      0.0, 
      -19.157724826308101
    ], 
    [
      0.0, 
      0.0, 
      0.0, 
      1.0
    ]
  ], 
  [
    [
      -0.70710678118654746, 
      -0.70710678118654757, 
      0.0, 
      35.295708431565679
    ], 
    [
      0.0, 
      0.0, 
      1.0, 
      3.5999999999999996
    ], 
    [
      -0.70710678118654757, 
      0.70710678118654746, 
      0.0, 
      -19.157724826308101
    ], 
    [
      0.0, 
      0.0, 
      0.0, 
      1.0
    ]
  ], 
  [
    [
      -0.86602540378443871, 
      -0.49999999999999994, 
      0.0, 
      35.295708431565679
    ], 
    [
      0.0, 
      0.0, 
      1.0, 
      4.2000000000000002
    ], 
    [
      -0.49999999999999994, 
      0.86602540378443871, 
      0.0, 
      -19.157724826308101
    ], 
    [
      0.0, 
      0.0, 
      0.0, 
      1.0
    ]
  ], 
  [
    [
      -0.9659258262890682, 
      -0.25881904510252102, 
      0.0, 
      35.295708431565679
    ], 
    [
      0.0, 
      0.0, 
      1.0, 
      4.7999999999999998
    ], 
    [
      -0.25881904510252102, 
      0.9659258262890682, 
      0.0, 
      -19.157724826308101
    ], 
    [
      0.0, 
      0.0, 
      0.0, 
      1.0
    ]
  ], 
  [
    [
      -1.0, 
      0.0, 
      0.0, 
      35.295708431565679
    ], 
    [
      0.0, 
      0.0, 
      1.0, 
      5.3999999999999995
    ], 
    [
      0.0, 
      1.0, 
      0.0, 
      -19.157724826308101
    ], 
    [
      0.0, 
      0.0, 
      0.0, 
      1.0
    ]
  ], 
  [
    [
      -0.96592582628906831, 
      0.25881904510252079, 
      0.0, 
      35.295708431565679
    ], 
    [
      0.0, 
      0.0, 
      0.99999999999999989, 
      6.0
    ], 
    [
      0.25881904510252079, 
      0.96592582628906831, 
      0.0, 
      -19.157724826308101
    ], 
    [
      0.0, 
      0.0, 
      0.0, 
      1.0
    ]
  ], 
  [
    [
      -0.8660254037844386, 
      0.50000000000000011, 
      0.0, 
      35.295708431565679
    ], 
    [
      0.0, 
      0.0, 
      1.0, 
      6.5999999999999996
    ], 
    [
      0.50000000000000011, 
      0.8660254037844386, 
      0.0, 
      -19.157724826308101
    ], 
    [
      0.0, 
      0.0, 
      0.0, 
      1.0
    ]
  ], 
  [
    [
      0.50000000000000011, 
      -0.8660254037844386, 
      0.0, 
      35.295708431565679
    ], 
    [
      0.0, 
      0.0, 
      1.0, 
      0.0
    ], 
    [
      -0.8660254037844386, 
      -0.50000000000000011, 
      0.0, 
      -19.757724826308099
    ], 
    [
      0.0, 
      0.0, 
      0.0, 
      1.0
    ]
  ], 
  [
    [
      0.25881904510252074, 
      -0.96592582628906831, 
      0.0, 
      35.295708431565679
    ], 
    [
      0.0, 
      0.0, 
      1.0, 
      0.59999999999999998
    ], 
    [
      -0.96592582628906831, 
      -0.25881904510252074, 
      0.0, 
      -19.757724826308099
    ], 
    [
      0.0, 
      0.0, 
      0.0, 
      1.0
    ]
  ], 
  [
    [
      0.0, 
      -1.0, 
      0.0, 
      35.295708431565679
    ], 
    [
      0.0, 
      0.0, 
      1.0, 
      1.2000000000000000
    ], 
    [
      -1.0, 
      0.0, 
      0.0, 
      -19.757724826308099
    ], 
    [
      0.0, 
      0.0, 
      0.0, 
      1.0
    ]
  ], 
  [
    [
      -0.25881904510252085, 
      -0.96592582628906831, 
      0.0, 
      35.295708431565679
    ], 
    [
      0.0, 
      0.0, 
      0.99999999999999989, 
      1.7999999999999998
    ], 
    [
      -0.96592582628906831, 
      0.25881904510252085, 
      0.0, 
      -19.757724826308099
    ], 
    [
      0.0, 
      0.0, 
      0.0, 
      1.0
    ]
  ], 
  [
    [
      -0.49999999999999978, 
      -0.86602540378443871, 
      0.0, 
      35.295708431565679
    ], 
    [
      0.0, 
      0.0, 
      1.0, 
      2.3999999999999999
    ], 
    [
      -0.86602540378443871, 
      0.49999999999999978, 
      0.0, 
      -19.757724826308099
    ], 
    [
      0.0, 
      0.0, 
      0.0, 
      1.0
    ]
  ], 
  [
    [
      -0.70710678118654746, 
      -0.70710678118654757, 
      0.0, 
      35.295708431565679
    ], 
    [
      0.0, 
      0.0, 
      1.0, 
      3.0
    ], 
    [
      -0.70710678118654757, 
      0.70710678118654746, 
      0.0, 
      -19.757724826308099
    ], 
    [
      0.0, 
      0.0, 
      0.0, 
      1.0
    ]
  ], 
  [
    [
      -0.86602540378443871, 
      -0.49999999999999994, 
      0.0, 
      35.295708431565679
    ], 
    [
      0.0, 
      0.0, 
      1.0, 
      3.5999999999999996
    ], 
    [
      -0.49999999999999994, 
      0.86602540378443871, 
      0.0, 
      -19.757724826308099
    ], 
    [
      0.0, 
      0.0, 
      0.0, 
      1.0
    ]
  ], 
  [
    [
      -0.9659258262890682, 
      -0.25881904510252102, 
      0.0, 
      35.295708431565679
    ], 
    [
      0.0, 
      0.0, 
      1.0, 
      4.2000000000000002
    ], 
    [
      -0.25881904510252102, 
      0.9659258262890682, 
      0.0, 
      -19.757724826308099
    ], 
    [
      0.0, 
      0.0, 
      0.0, 
      1.0
    ]
  ], 
  [
    [
      -1.0, 
      0.0, 
      0.0, 
      35.295708431565679
    ], 
    [
      0.0, 
      0.0, 
      1.0, 
      4.7999999999999998
    ], 
    [
      0.0, 
      1.0, 
      0.0, 
      -19.757724826308099
    ], 
    [
      0.0, 
      0.0, 
      0.0, 
      1.0
    ]
  ], 
  [
    [
      -0.96592582628906831, 
      0.25881904510252079, 
      0.0, 
      35.295708431565679
    ], 
    [
      0.0, 
      0.0, 
      0.99999999999999989, 
      5.3999999999999995
    ], 
    [
      0.25881904510252079, 
      0.96592582628906831, 
      0.0, 
      -19.757724826308099
    ], 
    [
      0.0, 
      0.0, 
      0.0, 
      1.0
    ]
  ], 
  [
    [
      -0.8660254037844386, 
      0.50000000000000011, 
      0.0, 
      35.295708431565679
    ], 
    [
      0.0, 
      0.0, 
      1.0, 
      6.0
    ], 
    [
      0.50000000000000011, 
      0.8660254037844386, 
      0.0, 
      -19.757724826308099
    ], 
    [
      0.0, 
      0.0, 
      0.0, 
      1.0
    ]
  ], 
  [
    [
      -0.70710678118654768, 
      0.70710678118654746, 
      0.0, 
      35.295708431565679
    ], 
    [
      0.0, 
      0.0, 
      1.0, 
      6.5999999999999996
    ], 
    [
      0.70710678118654746, 
      0.70710678118654768, 
      0.0, 
      -19.757724826308099
    ], 
    [
      0.0, 
      0.0, 
      0.0, 
      1.0
    ]
  ], 
  [
    [
      0.96592582628906831, 
      -0.25881904510252074, 
      0.0, 
      35.895708431565680
    ], 
    [
      0.0, 
      0.0, 
      1.0, 
      0.0
    ], 
    [
      -0.25881904510252074, 
      -0.96592582628906831, 
      0.0, 
      -17.357724826308100
    ], 
    [
      0.0, 
      0.0, 
      0.0, 
      1.0
    ]
  ], 
  [
    [
      0.86602540378443871, 
      -0.49999999999999994, 
      0.0, 
      35.895708431565680
    ], 
    [
      0.0, 
      0.0, 
      1.0, 
      0.59999999999999998
    ], 
    [
      -0.49999999999999994, 
      -0.86602540378443871, 
      0.0, 
      -17.357724826308100
    ], 
    [
      0.0, 
      0.0, 
      0.0, 
      1.0
    ]
  ], 
  [
    [
      0.70710678118654757, 
      -0.70710678118654757, 
      0.0, 
      35.895708431565680
    ], 
    [
      0.0, 
      0.0, 
      1.0, 
      1.2000000000000000
    ], 
    [
      -0.70710678118654757, 
      -0.70710678118654757, 
      0.0, 
      -17.357724826308100
    ], 
    [
      0.0, 
      0.0, 
      0.0, 
      1.0
    ]
  ], 
  [
    [
      0.50000000000000011, 
      -0.8660254037844386, 
      0.0, 
      35.895708431565680
    ], 
    [
      0.0, 
      0.0, 
      1.0, 
      1.7999999999999998
    ], 
    [
      -0.8660254037844386, 
      -0.50000000000000011, 
      0.0, 
      -17.357724826308100
    ], 
    [
      0.0, 
      0.0, 
      0.0, 
      1.0
    ]
  ], 
  [
    [
      0.25881904510252074, 
      -0.96592582628906831, 
      0.0, 
      35.895708431565680
    ], 
    [
      0.0, 
      0.0, 
      1.0, 
      2.3999999999999999
    ], 
    [
      -0.96592582628906831, 
      -0.25881904510252074, 
      0.0, 
      -17.357724826308100
    ], 
    [
      0.0, 
      0.0, 
      0.0, 
      1.0
    ]
  ], 
  [
    [
      0.0, 
      -1.0, 
      0.0, 
      35.895708431565680
    ], 
    [
      0.0, 
      0.0, 
      1.0, 
      3.0
    ], 
    [
      -1.0, 
      0.0, 
      0.0, 
      -17.357724826308100
    ], 
    [
      0.0, 
      0.0, 
      0.0, 
      1.0
    ]
  ], 
  [
    [
      -0.25881904510252085, 
      -0.96592582628906831, 
      0.0, 
      35.895708431565680
    ], 
    [
      0.0, 
      0.0, 
      0.99999999999999989, 
      3.5999999999999996
    ], 
    [
      -0.96592582628906831, 
      0.25881904510252085, 
      0.0, 
      -17.357724826308100
    ], 
    [
      0.0, 
      0.0, 
      0.0, 
      1.0
    ]
  ], 
  [
    [
      -0.49999999999999978, 
      -0.86602540378443871, 
      0.0, 
      35.895708431565680
    ], 
    [
      0.0, 
      0.0, 
      1.0, 
      4.2000000000000002
    ], 
    [
      -0.86602540378443871, 
      0.49999999999999978, 
      0.0, 
      -17.357724826308100
    ], 
    [
      0.0, 
      0.0, 
      0.0, 
      1.0
    ]
  ], 
  [
    [
      -0.70710678118654746, 
      -0.70710678118654757, 
      0.0, 
      35.895708431565680
    ], 
    [
      0.0, 
      0.0, 
      1.0, 
      4.7999999999999998
    ], 
    [
      -0.70710678118654757, 
      0.70710678118654746, 
      0.0, 
      -17.357724826308100
    ], 
    [
      0.0, 
      0.0, 
      0.0, 
      1.0
    ]
  ], 
  [
    [
      -0.86602540378443871, 
      -0.49999999999999994, 
      0.0, 
      35.895708431565680
    ], 
    [
      0.0, 
      0.0, 
      1.0, 
      5.3999999999999995
    ], 
    [
      -0.49999999999999994, 
      0.86602540378443871, 
      0.0, 
      -17.357724826308100
    ], 
    [
      0.0, 
      0.0, 
      0.0, 
      1.0
    ]
  ], 
  [
    [
      -0.9659258262890682, 
      -0.25881904510252102, 
      0.0, 
      35.895708431565680
    ], 
    [
      0.0, 
      0.0, 
      1.0, 
      6.0
    ], 
    [
      -0.25881904510252102, 
      0.9659258262890682, 
      0.0, 
      -17.357724826308100
    ], 
    [
      0.0, 
      0.0, 
      0.0, 
      1.0
    ]
  ], 
  [
    [
      -1.0, 
      0.0, 
      0.0, 
      35.895708431565680
    ], 
    [
      0.0, 
      0.0, 
      1.0, 
      6.5999999999999996
    ], 
    [
      0.0, 
      1.0, 
      0.0, 
      -17.357724826308100
    ], 
    [
      0.0, 
      0.0, 
      0.0, 
      1.0
    ]
  ], 
  [
    [
      0.86602540378443871, 
      -0.49999999999999994, 
      0.0, 
      35.895708431565680
    ], 
    [
      0.0, 
      0.0, 
      1.0, 
      0.0
    ], 
    [
      -0.49999999999999994, 
      -0.86602540378443871, 
      0.0, 
      -17.957724826308102
    ], 
    [
      0.0, 
      0.0, 
      0.0, 
      1.0
    ]
  ], 
  [
    [
      0.70710678118654757, 
      -0.70710678118654757, 
      0.0, 
      35.895708431565680
    ], 
    [
      0.0, 
      0.0, 
      1.0, 
      0.59999999999999998
    ], 
    [
      -0.70710678118654757, 
      -0.70710678118654757, 
      0.0, 
      -17.957724826308102
    ], 
    [
      0.0, 
      0.0, 
      0.0, 
      1.0
    ]
  ], 
  [
    [
      0.50000000000000011, 
      -0.8660254037844386, 
      0.0, 
      35.895708431565680
    ], 
    [
      0.0, 
      0.0, 
      1.0, 
      1.2000000000000000
    ], 
    [
      -0.8660254037844386, 
      -0.50000000000000011, 
      0.0, 
      -17.957724826308102
    ], 
    [
      0.0, 
      0.0, 
      0.0, 
      1.0
    ]
  ], 
  [
    [
      0.25881904510252074, 
      -0.96592582628906831, 
      0.0, 
      35.895708431565680
    ], 
    [
      0.0, 
      0.0, 
      1.0, 
      1.7999999999999998
    ], 
    [
      -0.96592582628906831, 
      -0.25881904510252074, 
      0.0, 
      -17.957724826308102
    ], 
    [
      0.0, 
      0.0, 
      0.0, 
      1.0
    ]
  ], 
  [
    [
      0.0, 
      -1.0, 
      0.0, 
      35.895708431565680
    ], 
    [
      0.0, 
      0.0, 
      1.0, 
      2.3999999999999999
    ], 
    [
      -1.0, 
      0.0, 
      0.0, 
      -17.957724826308102
    ], 
    [
      0.0, 
      0.0, 
      0.0, 
      1.0
    ]
  ], 
  [
    [
      -0.25881904510252085, 
      -0.96592582628906831, 
      0.0, 
      35.895708431565680
    ], 
    [
      0.0, 
      0.0, 
      0.99999999999999989, 
      3.0
    ], 
    [
      -0.96592582628906831, 
      0.25881904510252085, 
      0.0, 
      -17.957724826308102
    ], 
    [
      0.0, 
      0.0, 
      0.0, 
      1.0
    ]
  ], 
  [
    [
      -0.49999999999999978, 
      -0.86602540378443871, 
      0.0, 
      35.895708431565680
    ], 
    [
      0.0, 
      0.0, 
      1.0, 
      3.5999999999999996
    ], 
    [
      -0.86602540378443871, 
      0.49999999999999978, 
      0.0, 
      -17.957724826308102
    ], 
    [
      0.0, 
      0.0, 
      0.0, 
      1.0
    ]
  ], 
  [
    [
      -0.70710678118654746, 
      -0.70710678118654757, 
      0.0, 
      35.895708431565680
    ], 
    [
      0.0, 
      0.0, 
      1.0, 
      4.2000000000000002
    ], 
    [
      -0.70710678118654757, 
      0.70710678118654746, 
      0.0, 
      -17.957724826308102
    ], 
    [
      0.0, 
      0.0, 
      0.0, 
      1.0
    ]
  ], 
  [
    [
      -0.86602540378443871, 
      -0.49999999999999994, 
      0.0, 
      35.895708431565680
    ], 
    [
      0.0, 
      0.0, 
      1.0, 
      4.7999999999999998
    ], 
    [
      -0.49999999999999994, 
      0.86602540378443871, 
      0.0, 
      -17.957724826308102
    ], 
    [
      0.0, 
      0.0, 
      0.0, 
      1.0
    ]
  ], 
  [
    [
      -0.9659258262890682, 
      -0.25881904510252102, 
      0.0, 
      35.895708431565680
    ], 
    [
      0.0, 
      0.0, 
      1.0, 
      5.3999999999999995
    ], 
    [
      -0.25881904510252102, 
      0.9659258262890682, 
      0.0, 
      -17.957724826308102
    ], 
    [
      0.0, 
      0.0, 
      0.0, 
      1.0
    ]
  ], 
  [
    [
      -1.0, 
      0.0, 
      0.0, 
      35.895708431565680
    ], 
    [
      0.0, 
      0.0, 
      1.0, 
      6.0
    ], 
    [
      0.0, 
      1.0, 
      0.0, 
      -17.957724826308102
    ], 
    [
      0.0, 
      0.0, 
      0.0, 
      1.0
    ]
  ], 
  [
    [
      -0.96592582628906831, 
      0.25881904510252079, 
      0.0, 
      35.895708431565680
    ], 
    [
      0.0, 
      0.0, 
      0.99999999999999989, 
      6.5999999999999996
    ], 
    [
      0.25881904510252079, 
      0.96592582628906831, 
      0.0, 
      -17.957724826308102
    ], 
    [
      0.0, 
      0.0, 
      0.0, 
      1.0
    ]
  ], 
  [
    [
      0.70710678118654757, 
      -0.70710678118654757, 
      0.0, 
      35.895708431565680
    ], 
    [
      0.0, 
      0.0, 
      1.0, 
      0.0
    ], 
    [
      -0.70710678118654757, 
      -0.70710678118654757, 
      0.0, 
      -18.557724826308100
    ], 
    [
      0.0, 
      0.0, 
      0.0, 
      1.0
    ]
  ], 
  [
    [
      0.50000000000000011, 
      -0.8660254037844386, 
      0.0, 
      35.895708431565680
    ], 
    [
      0.0, 
      0.0, 
      1.0, 
      0.59999999999999998
    ], 
    [
      -0.8660254037844386, 
      -0.50000000000000011, 
      0.0, 
      -18.557724826308100
    ], 
    [
      0.0, 
      0.0, 
      0.0, 
      1.0
    ]
  ], 
  [
    [
      0.25881904510252074, 
      -0.96592582628906831, 
      0.0, 
      35.895708431565680
    ], 
    [
      0.0, 
      0.0, 
      1.0, 
      1.2000000000000000
    ], 
    [
      -0.96592582628906831, 
      -0.25881904510252074, 
      0.0, 
      -18.557724826308100
    ], 
    [
      0.0, 
      0.0, 
      0.0, 
      1.0
    ]
  ], 
  [
    [
      0.0, 
      -1.0, 
      0.0, 
      35.895708431565680
    ], 
    [
      0.0, 
      0.0, 
      1.0, 
      1.7999999999999998
    ], 
    [
      -1.0, 
      0.0, 
      0.0, 
      -18.557724826308100
    ], 
    [
      0.0, 
      0.0, 
      0.0, 
      1.0
    ]
  ], 
  [
    [
      -0.25881904510252085, 
      -0.96592582628906831, 
      0.0, 
      35.895708431565680
    ], 
    [
      0.0, 
      0.0, 
      0.99999999999999989, 
      2.3999999999999999
    ], 
    [
      -0.96592582628906831, 
      0.25881904510252085, 
      0.0, 
      -18.557724826308100
    ], 
    [
      0.0, 
      0.0, 
      0.0, 
      1.0
    ]
  ], 
  [
    [
      -0.49999999999999978, 
      -0.86602540378443871, 
      0.0, 
      35.895708431565680
    ], 
    [
      0.0, 
      0.0, 
      1.0, 
      3.0
    ], 
    [
      -0.86602540378443871, 
      0.49999999999999978, 
      0.0, 
      -18.557724826308100
    ], 
    [
      0.0, 
      0.0, 
      0.0, 
      1.0
    ]
  ], 
  [
    [
      -0.70710678118654746, 
      -0.70710678118654757, 
      0.0, 
      35.895708431565680
    ], 
    [
      0.0, 
      0.0, 
      1.0, 
      3.5999999999999996
    ], 
    [
      -0.70710678118654757, 
      0.70710678118654746, 
      0.0, 
      -18.557724826308100
    ], 
    [
      0.0, 
      0.0, 
      0.0, 
      1.0
    ]
  ], 
  [
    [
      -0.86602540378443871, 
      -0.49999999999999994, 
      0.0, 
      35.895708431565680
    ], 
    [
      0.0, 
      0.0, 
      1.0, 
      4.2000000000000002
    ], 
    [
      -0.49999999999999994, 
      0.86602540378443871, 
      0.0, 
      -18.557724826308100
    ], 
    [
      0.0, 
      0.0, 
      0.0, 
      1.0
    ]
  ], 
  [
    [
      -0.9659258262890682, 
      -0.25881904510252102, 
      0.0, 
      35.895708431565680
    ], 
    [
      0.0, 
      0.0, 
      1.0, 
      4.7999999999999998
    ], 
    [
      -0.25881904510252102, 
      0.9659258262890682, 
      0.0, 
      -18.557724826308100
    ], 
    [
      0.0, 
      0.0, 
      0.0, 
      1.0
    ]
  ], 
  [
    [
      -1.0, 
      0.0, 
      0.0, 
      35.895708431565680
    ], 
    [
      0.0, 
      0.0, 
      1.0, 
      5.3999999999999995
    ], 
    [
      0.0, 
      1.0, 
      0.0, 
      -18.557724826308100
    ], 
    [
      0.0, 
      0.0, 
      0.0, 
      1.0
    ]
  ], 
  [
    [
      -0.96592582628906831, 
      0.25881904510252079, 
      0.0, 
      35.895708431565680
    ], 
    [
      0.0, 
      0.0, 
      0.99999999999999989, 
      6.0
    ], 
    [
      0.25881904510252079, 
      0.96592582628906831, 
      0.0, 
      -18.557724826308100
    ], 
    [
      0.0, 
      0.0, 
      0.0, 
      1.0
    ]
  ], 
  [
    [
      -0.8660254037844386, 
      0.50000000000000011, 
      0.0, 
      35.895708431565680
    ], 
    [
      0.0, 
      0.0, 
      1.0, 
      6.5999999999999996
    ], 
    [
      0.50000000000000011, 
      0.8660254037844386, 
      0.0, 
      -18.557724826308100
    ], 
    [
      0.0, 
      0.0, 
      0.0, 
      1.0
    ]
  ], 
  [
    [
      0.50000000000000011, 
      -0.8660254037844386, 
      0.0, 
      35.895708431565680
    ], 
    [
      0.0, 
      0.0, 
      1.0, 
      0.0
    ], 
    [
      -0.8660254037844386, 
      -0.50000000000000011, 
      0.0, 
      -19.157724826308101
    ], 
    [
      0.0, 
      0.0, 
      0.0, 
      1.0
    ]
  ], 
  [
    [
      0.25881904510252074, 
      -0.96592582628906831, 
      0.0, 
      35.895708431565680
    ], 
    [
      0.0, 
      0.0, 
      1.0, 
      0.59999999999999998
    ], 
    [
      -0.96592582628906831, 
      -0.25881904510252074, 
      0.0, 
      -19.157724826308101
    ], 
    [
      0.0, 
      0.0, 
      0.0, 
      1.0
    ]
  ], 
  [
    [
      0.0, 
      -1.0, 
      0.0, 
      35.895708431565680
    ], 
    [
      0.0, 
      0.0, 
      1.0, 
      1.2000000000000000
    ], 
    [
      -1.0, 
      0.0, 
      0.0, 
      -19.157724826308101
    ], 
    [
      0.0, 
      0.0, 
      0.0, 
      1.0
    ]
  ], 
  [
    [
      -0.25881904510252085, 
      -0.96592582628906831, 
      0.0, 
      35.895708431565680
    ], 
    [
      0.0, 
      0.0, 
      0.99999999999999989, 
      1.7999999999999998
    ], 
    [
      -0.96592582628906831, 
      0.25881904510252085, 
      0.0, 
      -19.157724826308101
    ], 
    [
      0.0, 
      0.0, 
      0.0, 
      1.0
    ]
  ], 
  [
    [
      -0.49999999999999978, 
      -0.86602540378443871, 
      0.0, 
      35.895708431565680
    ], 
    [
      0.0, 
      0.0, 
      1.0, 
      2.3999999999999999
    ], 
    [
      -0.86602540378443871, 
      0.49999999999999978, 
      0.0, 
      -19.157724826308101
    ], 
    [
      0.0, 
      0.0, 
      0.0, 
      1.0
    ]
  ], 
  [
    [
      -0.70710678118654746, 
      -0.70710678118654757, 
      0.0, 
      35.895708431565680
    ], 
    [
      0.0, 
      0.0, 
      1.0, 
      3.0
    ], 
    [
      -0.70710678118654757, 
      0.70710678118654746, 
      0.0, 
      -19.157724826308101
    ], 
    [
      0.0, 
      0.0, 
      0.0, 
      1.0
    ]
  ], 
  [
    [
      -0.86602540378443871, 
      -0.49999999999999994, 
      0.0, 
      35.895708431565680
    ], 
    [
      0.0, 
      0.0, 
      1.0, 
      3.5999999999999996
    ], 
    [
      -0.49999999999999994, 
      0.86602540378443871, 
      0.0, 
      -19.157724826308101
    ], 
    [
      0.0, 
      0.0, 
      0.0, 
      1.0
    ]
  ], 
  [
    [
      -0.9659258262890682, 
      -0.25881904510252102, 
      0.0, 
      35.895708431565680
    ], 
    [
      0.0, 
      0.0, 
      1.0, 
      4.2000000000000002
    ], 
    [
      -0.25881904510252102, 
      0.9659258262890682, 
      0.0, 
      -19.157724826308101
    ], 
    [
      0.0, 
      0.0, 
      0.0, 
      1.0
    ]
  ], 
  [
    [
      -1.0, 
      0.0, 
      0.0, 
      35.895708431565680
    ], 
    [
      0.0, 
      0.0, 
      1.0, 
      4.7999999999999998
    ], 
    [
      0.0, 
      1.0, 
      0.0, 
      -19.157724826308101
    ], 
    [
      0.0, 
      0.0, 
      0.0, 
      1.0
    ]
  ], 
  [
    [
      -0.96592582628906831, 
      0.25881904510252079, 
      0.0, 
      35.895708431565680
    ], 
    [
      0.0, 
      0.0, 
      0.99999999999999989, 
      5.3999999999999995
    ], 
    [
      0.25881904510252079, 
      0.96592582628906831, 
      0.0, 
      -19.157724826308101
    ], 
    [
      0.0, 
      0.0, 
      0.0, 
      1.0
    ]
  ], 
  [
    [
      -0.8660254037844386, 
      0.50000000000000011, 
      0.0, 
      35.895708431565680
    ], 
    [
      0.0, 
      0.0, 
      1.0, 
      6.0
    ], 
    [
      0.50000000000000011, 
      0.8660254037844386, 
      0.0, 
      -19.157724826308101
    ], 
    [
      0.0, 
      0.0, 
      0.0, 
      1.0
