[
  [
    [
      1.0, 
      0.0, 
      0.0, 
      -18.669660514377384
    ], 
    [
      0.0, 
      0.0, 
      1.0, 
      0.0
    ], 
    [
      0.0, 
      -1.0, 
      0.0, 
      -14.369749262046454
    ], 
    [
      0.0, 
      0.0, 
      0.0, 
      1.0
    ]
  ], 
  [
    [
      0.93969262078590843, 
      -0.34202014332566871, 
      0.0, 
      -18.669660514377384
    ], 
    [
      0.0, 
      0.0, 
      1.0, 
      1.0
    ], 
    [
      -0.34202014332566871, 
      -0.93969262078590843, 
      0.0, 
      -14.369749262046454
    ], 
    [
      0.0, 
      0.0, 
      0.0, 
      1.0
    ]
  ], 
  [
    [
      0.76604444311897801, 
      -0.64278760968653925, 
      0.0, 
      -18.669660514377384
    ], 
    [
      0.0, 
      0.0, 
      1.0, 
      2.0
    ], 
    [
      -0.64278760968653925, 
      -0.76604444311897801, 
      0.0, 
      -14.369749262046454
    ], 
    [
      0.0, 
      0.0, 
      0.0, 
      1.0
    ]
  ], 
  [
    [
      0.93969262078590843, 
      -0.34202014332566871, 
      0.0, 
      -18.669660514377384
    ], 
    [
      0.0, 
      0.0, 
      1.0, 
      0.0
    ], 
    [
      -0.34202014332566871, 
      -0.93969262078590843, 
      0.0, 
      -15.369749262046454
    ], 
    [
      0.0, 
      0.0, 
      0.0, 
      1.0
    ]
  ], 
  [
    [
      0.76604444311897801, 
      -0.64278760968653925, 
      0.0, 
      -18.669660514377384
    ], 
    [
      0.0, 
      0.0, 
      1.0, 
      1.0
    ], 
    [
      -0.64278760968653925, 
      -0.76604444311897801, 
      0.0, 
      -15.369749262046454
    ], 
    [
      0.0, 
      0.0, 
      0.0, 
      1.0
    ]
  ], 
  [
    [
      0.50000000000000011, 
      -0.8660254037844386, 
      0.0, 
      -18.669660514377384
    ], 
    [
      0.0, 
      0.0, 
      1.0, 
      2.0
    ], 
    [
      -0.8660254037844386, 
      -0.50000000000000011, 
      0.0, 
      -15.369749262046454
    ], 
    [
      0.0, 
      0.0, 
      0.0, 
      1.0
    ]
  ], 
  [
    [
      0.76604444311897801, 
      -0.64278760968653925, 
      0.0, 
      -18.669660514377384
    ], 
    [
      0.0, 
      0.0, 
      1.0, 
      0.0
    ], 
    [
      -0.64278760968653925, 
      -0.76604444311897801, 
      0.0, 
      -16.369749262046454
    ], 
    [
      0.0, 
      0.0, 
      0.0, 
      1.0
    ]
  ], 
  [
    [
      0.50000000000000011, 
      -0.8660254037844386, 
      0.0, 
      -18.669660514377384
    ], 
    [
      0.0, 
      0.0, 
      1.0, 
      1.0
    ], 
    [
      -0.8660254037844386, 
      -0.50000000000000011, 
      0.0, 
      -16.369749262046454
    ], 
    [
      0.0, 
      0.0, 
      0.0, 
      1.0
    ]
  ], 
  [
    [
      0.17364817766693041, 
      -0.98480775301220802, 
      0.0, 
      -18.669660514377384
    ], 
    [
      0.0, 
      0.0, 
      1.0, 
      2.0
    ], 
    [
      -0.98480775301220802, 
      -0.17364817766693041, 
      0.0, 
      -16.369749262046454
    ], 
    [
      0.0, 
      0.0, 
      0.0, 
      1.0
    ]
  ], 
  [
    [
      0.50000000000000011, 
      -0.8660254037844386, 
      0.0, 
      -18.669660514377384
    ], 
    [
      0.0, 
      0.0, 
      1.0, 
      0.0
    ], 
    [
      -0.8660254037844386, 
      -0.50000000000000011, 
      0.0, 
      -17.369749262046454
    ], 
    [
      0.0, 
      0.0, 
      0.0, 
      1.0
    ]
  ], 
  [
    [
      0.17364817766693041, 
      -0.98480775301220802, 
      0.0, 
      -18.669660514377384
    ], 
    [
      0.0, 
      0.0, 
      1.0, 
      1.0
    ], 
    [
      -0.98480775301220802, 
      -0.17364817766693041, 
      0.0, 
      -17.369749262046454
    ], 
    [
      0.0, 
      0.0, 
      0.0, 
      1.0
    ]
  ], 
  [
    [
      -0.1736481776669303, 
      -0.98480775301220802, 
      0.0, 
      -18.669660514377384
    ], 
    [
      0.0, 
      0.0, 
      1.0, 
      2.0
    ], 
    [
      -0.98480775301220802, 
      0.1736481776669303, 
      0.0, 
      -17.369749262046454
    ], 
    [
      0.0, 
      0.0, 
      0.0, 
      1.0
    ]
  ], 
  [
    [
      0.17364817766693041, 
      -0.98480775301220802, 
      0.0, 
      -18.669660514377384
    ], 
    [
      0.0, 
      0.0, 
      1.0, 
      0.0
    ], 
    [
      -0.98480775301220802, 
      -0.17364817766693041, 
      0.0, 
      -18.369749262046454
    ], 
    [
      0.0, 
      0.0, 
      0.0, 
      1.0
    ]
  ], 
  [
    [
      -0.1736481776669303, 
      -0.98480775301220802, 
      0.0, 
      -18.669660514377384
    ], 
    [
      0.0, 
      0.0, 
      1.0, 
      1.0
    ], 
    [
      -0.98480775301220802, 
      0.1736481776669303, 
      0.0, 
      -18.369749262046454
    ], 
    [
      0.0, 
      0.0, 
      0.0, 
      1.0
    ]
  ], 
  [
    [
      -0.49999999999999978, 
      -0.86602540378443871, 
      0.0, 
      -18.669660514377384
    ], 
    [
      0.0, 
      0.0, 
      1.0, 
      2.0
    ], 
    [
      -0.86602540378443871, 
      0.49999999999999978, 
      0.0, 
      -18.369749262046454
    ], 
    [
      0.0, 
      0.0, 
      0.0, 
      1.0
    ]
  ], 
  [
    [
      0.93969262078590843, 
      -0.34202014332566871, 
      0.0, 
      -17.669660514377384
    ], 
    [
      0.0, 
      0.0, 
      1.0, 
      0.0
    ], 
    [
      -0.34202014332566871, 
      -0.93969262078590843, 
      0.0, 
      -14.369749262046454
    ], 
    [
      0.0, 
      0.0, 
      0.0, 
      1.0
    ]
  ], 
  [
    [
      0.76604444311897801, 
      -0.64278760968653925, 
      0.0, 
      -17.669660514377384
    ], 
    [
      0.0, 
      0.0, 
      1.0, 
      1.0
    ], 
    [
      -0.64278760968653925, 
      -0.76604444311897801, 
      0.0, 
      -14.369749262046454
    ], 
    [
      0.0, 
      0.0, 
      0.0, 
      1.0
    ]
  ], 
  [
    [
      0.50000000000000011, 
      -0.8660254037844386, 
      0.0, 
      -17.669660514377384
    ], 
    [
      0.0, 
      0.0, 
      1.0, 
      2.0
    ], 
    [
      -0.8660254037844386, 
      -0.50000000000000011, 
      0.0, 
      -14.369749262046454
    ], 
    [
      0.0, 
      0.0, 
      0.0, 
      1.0
    ]
  ], 
  [
    [
      0.76604444311897801, 
      -0.64278760968653925, 
      0.0, 
      -17.669660514377384
    ], 
    [
      0.0, 
      0.0, 
      1.0, 
      0.0
    ], 
    [
      -0.64278760968653925, 
      -0.76604444311897801, 
      0.0, 
      -15.369749262046454
    ], 
    [
      0.0, 
      0.0, 
      0.0, 
      1.0
    ]
  ], 
  [
    [
      0.50000000000000011, 
      -0.8660254037844386, 
      0.0, 
      -17.669660514377384
    ], 
    [
      0.0, 
      0.0, 
      1.0, 
      1.0
    ], 
    [
      -0.8660254037844386, 
      -0.50000000000000011, 
      0.0, 
      -15.369749262046454
    ], 
    [
      0.0, 
      0.0, 
      0.0, 
      1.0
    ]
  ], 
  [
    [
      0.17364817766693041, 
      -0.98480775301220802, 
      0.0, 
      -17.669660514377384
    ], 
    [
      0.0, 
      0.0, 
      1.0, 
      2.0
    ], 
    [
      -0.98480775301220802, 
      -0.17364817766693041, 
      0.0, 
      -15.369749262046454
    ], 
    [
      0.0, 
      0.0, 
      0.0, 
      1.0
    ]
  ], 
  [
    [
      0.50000000000000011, 
      -0.8660254037844386, 
      0.0, 
      -17.669660514377384
    ], 
    [
      0.0, 
      0.0, 
      1.0, 
      0.0
    ], 
    [
      -0.8660254037844386, 
      -0.50000000000000011, 
      0.0, 
      -16.369749262046454
    ], 
    [
      0.0, 
      0.0, 
      0.0, 
      1.0
    ]
  ], 
  [
    [
      0.17364817766693041, 
      -0.98480775301220802, 
      0.0, 
      -17.669660514377384
    ], 
    [
      0.0, 
      0.0, 
      1.0, 
      1.0
    ], 
    [
      -0.98480775301220802, 
      -0.17364817766693041, 
      0.0, 
      -16.369749262046454
    ], 
    [
      0.0, 
      0.0, 
      0.0, 
      1.0
    ]
  ], 
  [
    [
      -0.1736481776669303, 
      -0.98480775301220802, 
      0.0, 
      -17.669660514377384
    ], 
    [
      0.0, 
      0.0, 
      1.0, 
      2.0
    ], 
    [
      -0.98480775301220802, 
      0.1736481776669303, 
      0.0, 
      -16.369749262046454
    ], 
    [
      0.0, 
      0.0, 
      0.0, 
      1.0
    ]
  ], 
  [
    [
      0.17364817766693041, 
      -0.98480775301220802, 
      0.0, 
      -17.669660514377384
    ], 
    [
      0.0, 
      0.0, 
      1.0, 
      0.0
    ], 
    [
      -0.98480775301220802, 
      -0.17364817766693041, 
      0.0, 
      -17.369749262046454
    ], 
    [
      0.0, 
      0.0, 
      0.0, 
      1.0
    ]
  ], 
  [
    [
      -0.1736481776669303, 
      -0.98480775301220802, 
      0.0, 
      -17.669660514377384
    ], 
    [
      0.0, 
      0.0, 
      1.0, 
      1.0
    ], 
    [
      -0.98480775301220802, 
      0.1736481776669303, 
      0.0, 
      -17.369749262046454
    ], 
    [
      0.0, 
      0.0, 
      0.0, 
      1.0
    ]
  ], 
  [
    [
      -0.49999999999999978, 
      -0.86602540378443871, 
      0.0, 
      -17.669660514377384
    ], 
    [
      0.0, 
      0.0, 
      1.0, 
      2.0
    ], 
    [
      -0.86602540378443871, 
      0.49999999999999978, 
      0.0, 
      -17.369749262046454
    ], 
    [
      0.0, 
      0.0, 
      0.0, 
      1.0
    ]
  ], 
  [
    [
      -0.1736481776669303, 
      -0.98480775301220802, 
      0.0, 
      -17.669660514377384
    ], 
    [
      0.0, 
      0.0, 
      1.0, 
      0.0
    ], 
    [
      -0.98480775301220802, 
      0.1736481776669303, 
      0.0, 
      -18.369749262046454
    ], 
    [
      0.0, 
      0.0, 
      0.0, 
      1.0
    ]
  ], 
  [
    [
      -0.49999999999999978, 
      -0.86602540378443871, 
      0.0, 
      -17.669660514377384
    ], 
    [
      0.0, 
      0.0, 
      1.0, 
      1.0
    ], 
    [
      -0.86602540378443871, 
      0.49999999999999978, 
      0.0, 
      -18.369749262046454
    ], 
    [
      0.0, 
      0.0, 
      0.0, 
      1.0
    ]
  ], 
  [
    [
      -0.7660444431189779, 
      -0.64278760968653947, 
      0.0, 
      -17.669660514377384
    ], 
    [
      0.0, 
      0.0, 
      1.0, 
      2.0
    ], 
    [
      -0.64278760968653947, 
      0.7660444431189779, 
      0.0, 
      -18.369749262046454
    ], 
    [
      0.0, 
      0.0, 
      0.0, 
      1.0
    ]
  ], 
  [
    [
      0.76604444311897801, 
      -0.64278760968653925, 
      0.0, 
      -16.669660514377384
    ], 
    [
      0.0, 
      0.0, 
      1.0, 
      0.0
    ], 
    [
      -0.64278760968653925, 
      -0.76604444311897801, 
      0.0, 
      -14.369749262046454
    ], 
    [
      0.0, 
      0.0, 
      0.0, 
      1.0
    ]
  ], 
  [
    [
      0.50000000000000011, 
      -0.8660254037844386, 
      0.0, 
      -16.669660514377384
    ], 
    [
      0.0, 
      0.0, 
      1.0, 
      1.0
    ], 
    [
      -0.8660254037844386, 
      -0.50000000000000011, 
      0.0, 
      -14.369749262046454
    ], 
    [
      0.0, 
      0.0, 
      0.0, 
      1.0
    ]
  ], 
  [
    [
      0.17364817766693041, 
      -0.98480775301220802, 
      0.0, 
      -16.669660514377384
    ], 
    [
      0.0, 
      0.0, 
      1.0, 
      2.0
    ], 
    [
      -0.98480775301220802, 
      -0.17364817766693041, 
      0.0, 
      -14.369749262046454
    ], 
    [
      0.0, 
      0.0, 
      0.0, 
      1.0
    ]
  ], 
  [
    [
      0.50000000000000011, 
      -0.8660254037844386, 
      0.0, 
      -16.669660514377384
    ], 
    [
      0.0, 
      0.0, 
      1.0, 
      0.0
    ], 
    [
      -0.8660254037844386, 
      -0.50000000000000011, 
      0.0, 
      -15.369749262046454
    ], 
    [
      0.0, 
      0.0, 
      0.0, 
      1.0
    ]
  ], 
  [
    [
      0.17364817766693041, 
      -0.98480775301220802, 
      0.0, 
      -16.669660514377384
    ], 
    [
      0.0, 
      0.0, 
      1.0, 
      1.0
    ], 
    [
      -0.98480775301220802, 
      -0.17364817766693041, 
      0.0, 
      -15.369749262046454
    ], 
    [
      0.0, 
      0.0, 
      0.0, 
      1.0
    ]
  ], 
  [
    [
      -0.1736481776669303, 
      -0.98480775301220802, 
      0.0, 
      -16.669660514377384
    ], 
    [
      0.0, 
      0.0, 
      1.0, 
      2.0
    ], 
    [
      -0.98480775301220802, 
      0.1736481776669303, 
      0.0, 
      -15.369749262046454
    ], 
    [
      0.0, 
      0.0, 
      0.0, 
      1.0
    ]
  ], 
  [
    [
      0.17364817766693041, 
      -0.98480775301220802, 
      0.0, 
      -16.669660514377384
    ], 
    [
      0.0, 
      0.0, 
      1.0, 
      0.0
    ], 
    [
      -0.98480775301220802, 
      -0.17364817766693041, 
      0.0, 
      -16.369749262046454
    ], 
    [
      0.0, 
      0.0, 
      0.0, 
      1.0
    ]
  ], 
  [
    [
      -0.1736481776669303, 
      -0.98480775301220802, 
      0.0, 
      -16.669660514377384
    ], 
    [
      0.0, 
      0.0, 
      1.0, 
      1.0
    ], 
    [
      -0.98480775301220802, 
      0.1736481776669303, 
      0.0, 
      -16.369749262046454
    ], 
    [
      0.0, 
      0.0, 
      0.0, 
      1.0
    ]
  ], 
  [
    [
      -0.49999999999999978, 
      -0.86602540378443871, 
      0.0, 
      -16.669660514377384
    ], 
    [
      0.0, 
      0.0, 
      1.0, 
      2.0
    ], 
    [
      -0.86602540378443871, 
      0.49999999999999978, 
      0.0, 
      -16.369749262046454
    ], 
    [
      0.0, 
      0.0, 
      0.0, 
      1.0
    ]
  ], 
  [
    [
      -0.1736481776669303, 
      -0.98480775301220802, 
      0.0, 
      -16.669660514377384
    ], 
    [
      0.0, 
      0.0, 
      1.0, 
      0.0
    ], 
    [
      -0.98480775301220802, 
      0.1736481776669303, 
      0.0, 
      -17.369749262046454
    ], 
    [
      0.0, 
      0.0, 
      0.0, 
      1.0
    ]
  ], 
  [
    [
      -0.49999999999999978, 
      -0.86602540378443871, 
      0.0, 
      -16.669660514377384
    ], 
    [
      0.0, 
      0.0, 
      1.0, 
      1.0
    ], 
    [
      -0.86602540378443871, 
      0.49999999999999978, 
      0.0, 
      -17.369749262046454
    ], 
    [
      0.0, 
      0.0, 
      0.0, 
      1.0
    ]
  ], 
  [
    [
      -0.7660444431189779, 
      -0.64278760968653947, 
      0.0, 
      -16.669660514377384
    ], 
    [
      0.0, 
      0.0, 
      1.0, 
      2.0
    ], 
    [
      -0.64278760968653947, 
      0.7660444431189779, 
      0.0, 
      -17.369749262046454
    ], 
    [
      0.0, 
      0.0, 
      0.0, 
      1.0
    ]
  ], 
  [
    [
      -0.49999999999999978, 
      -0.86602540378443871, 
      0.0, 
      -16.669660514377384
    ], 
    [
      0.0, 
      0.0, 
      1.0, 
      0.0
    ], 
    [
      -0.86602540378443871, 
      0.49999999999999978, 
      0.0, 
      -18.369749262046454
    ], 
    [
      0.0, 
      0.0, 
      0.0, 
      1.0
    ]
  ], 
  [
    [
      -0.7660444431189779, 
      -0.64278760968653947, 
      0.0, 
      -16.669660514377384
    ], 
    [
      0.0, 
      0.0, 
      1.0, 
      1.0
    ], 
    [
      -0.64278760968653947, 
      0.7660444431189779, 
      0.0, 
      -18.369749262046454
    ], 
    [
      0.0, 
      0.0, 
      0.0, 
      1.0
    ]
  ], 
  [
    [
      -0.93969262078590832, 
      -0.34202014332566888, 
      0.0, 
      -16.669660514377384
    ], 
    [
      0.0, 
      0.0, 
      1.0, 
      2.0
    ], 
    [
      -0.34202014332566888, 
      0.93969262078590832, 
      0.0, 
      -18.369749262046454
    ], 
    [
      0.0, 
      0.0, 
      0.0, 
      1.0
    ]
  ], 
  [
    [
      0.50000000000000011, 
      -0.8660254037844386, 
      0.0, 
      -15.669660514377384
    ], 
    [
      0.0, 
      0.0, 
      1.0, 
      0.0
    ], 
    [
      -0.8660254037844386, 
      -0.50000000000000011, 
      0.0, 
      -14.369749262046454
    ], 
    [
      0.0, 
      0.0, 
      0.0, 
      1.0
    ]
  ], 
  [
    [
      0.17364817766693041, 
      -0.98480775301220802, 
      0.0, 
      -15.669660514377384
    ], 
    [
      0.0, 
      0.0, 
      1.0, 
      1.0
    ], 
    [
      -0.98480775301220802, 
      -0.17364817766693041, 
      0.0, 
      -14.369749262046454
    ], 
    [
      0.0, 
      0.0, 
      0.0, 
      1.0
    ]
  ], 
  [
    [
      -0.1736481776669303, 
      -0.98480775301220802, 
      0.0, 
      -15.669660514377384
    ], 
    [
      0.0, 
      0.0, 
      1.0, 
      2.0
    ], 
    [
      -0.98480775301220802, 
      0.1736481776669303, 
      0.0, 
      -14.369749262046454
    ], 
    [
      0.0, 
      0.0, 
      0.0, 
      1.0
    ]
  ], 
  [
    [
      0.17364817766693041, 
      -0.98480775301220802, 
      0.0, 
      -15.669660514377384
    ], 
    [
      0.0, 
      0.0, 
      1.0, 
      0.0
    ], 
    [
      -0.98480775301220802, 
      -0.17364817766693041, 
      0.0, 
      -15.369749262046454
    ], 
    [
      0.0, 
      0.0, 
      0.0, 
      1.0
    ]
  ], 
  [
    [
      -0.1736481776669303, 
      -0.98480775301220802, 
      0.0, 
      -15.669660514377384
    ], 
    [
      0.0, 
      0.0, 
      1.0, 
      1.0
    ], 
    [
      -0.98480775301220802, 
      0.1736481776669303, 
      0.0, 
      -15.369749262046454
    ], 
    [
      0.0, 
      0.0, 
      0.0, 
      1.0
    ]
  ], 
  [
    [
      -0.49999999999999978, 
      -0.86602540378443871, 
      0.0, 
      -15.669660514377384
    ], 
    [
      0.0, 
      0.0, 
      1.0, 
      2.0
    ], 
    [
      -0.86602540378443871, 
      0.49999999999999978, 
      0.0, 
      -15.369749262046454
    ], 
    [
      0.0, 
      0.0, 
      0.0, 
      1.0
    ]
  ], 
  [
    [
      -0.1736481776669303, 
      -0.98480775301220802, 
      0.0, 
      -15.669660514377384
    ], 
    [
      0.0, 
      0.0, 
      1.0, 
      0.0
    ], 
    [
      -0.98480775301220802, 
      0.1736481776669303, 
      0.0, 
      -16.369749262046454
    ], 
    [
      0.0, 
      0.0, 
      0.0, 
      1.0
    ]
  ], 
  [
    [
      -0.49999999999999978, 
      -0.86602540378443871, 
      0.0, 
      -15.669660514377384
    ], 
    [
      0.0, 
      0.0, 
      1.0, 
      1.0
    ], 
    [
      -0.86602540378443871, 
      0.49999999999999978, 
      0.0, 
      -16.369749262046454
    ], 
    [
      0.0, 
      0.0, 
      0.0, 
      1.0
    ]
  ], 
  [
    [
      -0.7660444431189779, 
      -0.64278760968653947, 
      0.0, 
      -15.669660514377384
    ], 
    [
      0.0, 
      0.0, 
      1.0, 
      2.0
    ], 
    [
      -0.64278760968653947, 
      0.7660444431189779, 
      0.0, 
      -16.369749262046454
    ], 
    [
      0.0, 
      0.0, 
      0.0, 
      1.0
    ]
  ], 
  [
    [
      -0.49999999999999978, 
      -0.86602540378443871, 
      0.0, 
      -15.669660514377384
    ], 
    [
      0.0, 
      0.0, 
      1.0, 
      0.0
    ], 
    [
      -0.86602540378443871, 
      0.49999999999999978, 
      0.0, 
      -17.369749262046454
    ], 
    [
      0.0, 
      0.0, 
      0.0, 
      1.0
    ]
  ], 
  [
    [
      -0.7660444431189779, 
      -0.64278760968653947, 
      0.0, 
      -15.669660514377384
    ], 
    [
      0.0, 
      0.0, 
      1.0, 
      1.0
    ], 
    [
      -0.64278760968653947, 
      0.7660444431189779, 
      0.0, 
      -17.369749262046454
    ], 
    [
      0.0, 
      0.0, 
      0.0, 
      1.0
    ]
  ], 
  [
    [
      -0.93969262078590832, 
      -0.34202014332566888, 
      0.0, 
      -15.669660514377384
    ], 
    [
      0.0, 
      0.0, 
      1.0, 
      2.0
    ], 
    [
      -0.34202014332566888, 
      0.93969262078590832, 
      0.0, 
      -17.369749262046454
    ], 
    [
      0.0, 
      0.0, 
      0.0, 
      1.0
    ]
  ], 
  [
    [
      -0.7660444431189779, 
      -0.64278760968653947, 
      0.0, 
      -15.669660514377384
    ], 
    [
      0.0, 
      0.0, 
      1.0, 
      0.0
    ], 
    [
      -0.64278760968653947, 
      0.7660444431189779, 
      0.0, 
      -18.369749262046454
    ], 
    [
      0.0, 
      0.0, 
      0.0, 
      1.0
    ]
  ], 
  [
    [
      -0.93969262078590832, 
      -0.34202014332566888, 
      0.0, 
      -15.669660514377384
    ], 
    [
      0.0, 
      0.0, 
      1.0, 
      1.0
    ], 
    [
      -0.34202014332566888, 
      0.93969262078590832, 
      0.0, 
      -18.369749262046454
    ], 
    [
      0.0, 
      0.0, 
      0.0, 
      1.0
    ]
  ], 
  [
    [
      -1.0, 
      0.0, 
      0.0, 
      -15.669660514377384
    ], 
    [
      0.0, 
      0.0, 
      1.0, 
      2.0
    ], 
    [
      0.0, 
      1.0, 
      0.0, 
      -18.369749262046454
    ], 
    [
      0.0, 
      0.0, 
      0.0, 
      1.0
    ]
  ], 
  [
    [
      0.17364817766693041, 
      -0.98480775301220802, 
      0.0, 
      -14.669660514377384
    ], 
    [
      0.0, 
      0.0, 
      1.0, 
      0.0
    ], 
    [
      -0.98480775301220802, 
      -0.17364817766693041, 
      0.0, 
      -14.369749262046454
    ], 
    [
      0.0, 
      0.0, 
      0.0, 
      1.0
    ]
  ], 
  [
    [
      -0.1736481776669303, 
      -0.98480775301220802, 
      0.0, 
      -14.669660514377384
    ], 
    [
      0.0, 
      0.0, 
      1.0, 
      1.0
    ], 
    [
      -0.98480775301220802, 
      0.1736481776669303, 
      0.0, 
      -14.369749262046454
    ], 
    [
      0.0, 
      0.0, 
      0.0, 
      1.0
    ]
  ], 
  [
    [
      -0.49999999999999978, 
      -0.86602540378443871, 
      0.0, 
      -14.669660514377384
    ], 
    [
      0.0, 
      0.0, 
      1.0, 
      2.0
    ], 
    [
      -0.86602540378443871, 
      0.49999999999999978, 
      0.0, 
      -14.369749262046454
    ], 
    [
      0.0, 
      0.0, 
      0.0, 
      1.0
    ]
  ], 
  [
    [
      -0.1736481776669303, 
      -0.98480775301220802, 
      0.0, 
      -14.669660514377384
    ], 
    [
      0.0, 
      0.0, 
      1.0, 
      0.0
    ], 
    [
      -0.98480775301220802, 
      0.1736481776669303, 
      0.0, 
      -15.369749262046454
    ], 
    [
      0.0, 
      0.0, 
      0.0, 
      1.0
    ]
  ], 
  [
    [
      -0.49999999999999978, 
      -0.86602540378443871, 
      0.0, 
      -14.669660514377384
    ], 
    [
      0.0, 
      0.0, 
      1.0, 
      1.0
    ], 
    [
      -0.86602540378443871, 
      0.49999999999999978, 
      0.0, 
      -15.369749262046454
    ], 
    [
      0.0, 
      0.0, 
      0.0, 
      1.0
    ]
  ], 
  [
    [
      -0.7660444431189779, 
      -0.64278760968653947, 
      0.0, 
      -14.669660514377384
    ], 
    [
      0.0, 
      0.0, 
      1.0, 
      2.0
    ], 
    [
      -0.64278760968653947, 
      0.7660444431189779, 
      0.0, 
      -15.369749262046454
    ], 
    [
      0.0, 
      0.0, 
      0.0, 
      1.0
    ]
  ], 
  [
    [
      -0.49999999999999978, 
      -0.86602540378443871, 
      0.0, 
      -14.669660514377384
    ], 
    [
      0.0, 
      0.0, 
      1.0, 
      0.0
    ], 
    [
      -0.86602540378443871, 
      0.49999999999999978, 
      0.0, 
      -16.369749262046454
    ], 
    [
      0.0, 
      0.0, 
      0.0, 
      1.0
    ]
  ], 
  [
    [
      -0.7660444431189779, 
      -0.64278760968653947, 
      0.0, 
      -14.669660514377384
    ], 
    [
      0.0, 
      0.0, 
      1.0, 
      1.0
    ], 
    [
      -0.64278760968653947, 
      0.7660444431189779, 
      0.0, 
      -16.369749262046454
    ], 
    [
      0.0, 
      0.0, 
      0.0, 
      1.0
    ]
  ], 
  [
    [
      -0.93969262078590832, 
      -0.34202014332566888, 
      0.0, 
      -14.669660514377384
    ], 
    [
      0.0, 
      0.0, 
      1.0, 
      2.0
    ], 
    [
      -0.34202014332566888, 
      0.93969262078590832, 
      0.0, 
      -16.369749262046454
    ], 
    [
      0.0, 
      0.0, 
      0.0, 
      1.0
    ]
  ], 
  [
    [
      -0.7660444431189779, 
      -0.64278760968653947, 
      0.0, 
      -14.669660514377384
    ], 
    [
      0.0, 
      0.0, 
      1.0, 
      0.0
    ], 
    [
      -0.64278760968653947, 
      0.7660444431189779, 
      0.0, 
      -17.369749262046454
    ], 
    [
      0.0, 
      0.0, 
      0.0, 
      1.0
    ]
  ], 
  [
    [
      -0.93969262078590832, 
      -0.34202014332566888, 
      0.0, 
      -14.669660514377384
    ], 
    [
      0.0, 
      0.0, 
      1.0, 
      1.0
    ], 
    [
      -0.34202014332566888, 
      0.93969262078590832, 
      0.0, 
      -17.369749262046454
    ], 
    [
      0.0, 
      0.0, 
      0.0, 
      1.0
    ]
  ], 
  [
    [
      -1.0, 
      0.0, 
      0.0, 
      -14.669660514377384
    ], 
    [
      0.0, 
      0.0, 
      1.0, 
      2.0
    ], 
    [
      0.0, 
      1.0, 
      0.0, 
      -17.369749262046454
    ], 
    [
      0.0, 
      0.0, 
      0.0, 
      1.0
    ]
  ], 
  [
    [
      -0.93969262078590832, 
      -0.34202014332566888, 
      0.0, 
      -14.669660514377384
    ], 
    [
      0.0, 
      0.0, 
      1.0, 
      0.0
    ], 
    [
      -0.34202014332566888, 
      0.93969262078590832, 
      0.0, 
      -18.369749262046454
    ], 
    [
      0.0, 
      0.0, 
      0.0, 
      1.0
    ]
  ], 
  [
    [
      -1.0, 
      0.0, 
      0.0, 
      -14.669660514377384
    ], 
    [
      0.0, 
      0.0, 
      1.0, 
      1.0
    ], 
    [
      0.0, 
      1.0, 
      0.0, 
      -18.369749262046454
    ], 
    [
      0.0, 
      0.0, 
      0.0, 
      1.0
    ]
  ], 
  [
    [
      -0.93969262078590843, 
      0.34202014332566866, 
      0.0, 
      -14.669660514377384
    ], 
    [
      0.0, 
      0.0, 
      1.0, 
      2.0
    ], 
    [
      0.34202014332566866, 
      0.93969262078590843, 
      0.0, 
      -18.369749262046454
    ], 
    [
      0.0, 
      0.0, 
      0.0, 
      1.0
    ]
  ]
]