[
  [
    [
      1.0, 
      0.0, 
      0.0, 
      0.0
    ], 
    [
      0.0, 
      0.0, 
      1.0, 
      0.0
    ], 
    [
      0.0, 
      -1.0, 
      0.0, 
      0.0
    ], 
    [
      0.0, 
      0.0, 
      0.0, 
      1.0
    ]
  ], 
  [
    [
      0.96592582628906831, 
      -0.25881904510252074, 
      0.0, 
      -5.9437341191300366
    ], 
    [
      0.0, 
      0.0, 
      1.0, 
      0.0
    ], 
    [
      -0.25881904510252074, 
      -0.96592582628906831, 
      0.0, 
      -8.0109505105149630
    ], 
    [
      0.0, 
      0.0, 
      0.0, 
      1.0
    ]
  ], 
  [
    [
      0.96592582628906831, 
      -0.25881904510252074, 
      0.0, 
      -5.4260960289249951
    ], 
    [
      0.0, 
      0.0, 
      1.0, 
      0.0
    ], 
    [
      -0.25881904510252074, 
      -0.96592582628906831, 
      0.0, 
      -8.0790988579368257
    ], 
    [
      0.0, 
      0.0, 
      0.0, 
      1.0
    ]
  ], 
  [
    [
      0.86602540378443871, 
      -0.49999999999999994, 
      0.0, 
      -12.758326970888278
    ], 
    [
      0.0, 
      0.0, 
      1.0, 
      0.0
    ], 
    [
      -0.49999999999999994, 
      -0.86602540378443871, 
      0.0, 
      -14.478532105119575
    ], 
    [
      0.0, 
      0.0, 
      0.0, 
      1.0
    ]
  ], 
  [
    [
      0.86602540378443871, 
      -0.49999999999999994, 
      0.0, 
      -11.758326970888280
    ], 
    [
      0.0, 
      0.0, 
      1.0, 
      0.0
    ], 
    [
      -0.49999999999999994, 
      -0.86602540378443871, 
      0.0, 
      -14.746481297550698
    ], 
    [
      0.0, 
      0.0, 
      0.0, 
      1.0
    ]
  ], 
  [
    [
      0.70710678118654757, 
      -0.70710678118654757, 
      0.0, 
      -20.082799841906507
    ], 
    [
      0.0, 
      0.0, 
      1.0, 
      0.0
    ], 
    [
      -0.70710678118654757, 
      -0.70710678118654757, 
      0.0, 
      -19.347975378943122
    ], 
    [
      0.0, 
      0.0, 
      0.0, 
      1.0
    ]
  ], 
  [
    [
      0.70710678118654757, 
      -0.70710678118654757, 
      0.0, 
      -18.668586279533415
    ], 
    [
      0.0, 
      0.0, 
      1.0, 
      0.0
    ], 
    [
      -0.70710678118654757, 
      -0.70710678118654757, 
      0.0, 
      -19.933761816570026
    ], 
    [
      0.0, 
      0.0, 
      0.0, 
      1.0
    ]
  ], 
  [
    [
      0.50000000000000011, 
      -0.8660254037844386, 
      0.0, 
      -27.582526674887731
    ], 
    [
      0.0, 
      0.0, 
      1.0, 
      0.0
    ], 
    [
      -0.8660254037844386, 
      -0.50000000000000011, 
      0.0, 
      -22.638145232217575
    ], 
    [
      0.0, 
      0.0, 
      0.0, 
      1.0
    ]
  ], 
  [
    [
      0.50000000000000011, 
      -0.8660254037844386, 
      0.0, 
      -25.850475867318853
    ], 
    [
      0.0, 
      0.0, 
      1.0, 
      0.0
    ], 
    [
      -0.8660254037844386, 
      -0.50000000000000011, 
      0.0, 
      -23.638145232217575
    ], 
    [
      0.0, 
      0.0, 
      0.0, 
      1.0
    ]
  ], 
  [
    [
      0.25881904510252074, 
      -0.96592582628906831, 
      0.0, 
      -34.960826197412715
    ], 
    [
      0.0, 
      0.0, 
      1.0, 
      0.0
    ], 
    [
      -0.96592582628906831, 
      -0.25881904510252074, 
      0.0, 
      -24.425643386147957
    ], 
    [
      0.0, 
      0.0, 
      0.0, 
      1.0
    ]
  ], 
  [
    [
      0.25881904510252074, 
      -0.96592582628906831, 
      0.0, 
      -33.028974544834583
    ], 
    [
      0.0, 
      0.0, 
      1.0, 
      0.0
    ], 
    [
      -0.96592582628906831, 
      -0.25881904510252074, 
      0.0, 
      -25.908005295942914
    ], 
    [
      0.0, 
      0.0, 
      0.0, 
      1.0
    ]
  ], 
  [
    [
      0.0, 
      -1.0, 
      0.0, 
      -41.964568388011770
    ], 
    [
      0.0, 
      0.0, 
      1.0, 
      0.0
    ], 
    [
      -1.0, 
      0.0, 
      0.0, 
      -24.828376018199947
    ], 
    [
      0.0, 
      0.0, 
      0.0, 
      1.0
    ]
  ], 
  [
    [
      0.0, 
      -1.0, 
      0.0, 
      -39.964568388011770
    ], 
    [
      0.0, 
      0.0, 
      1.0, 
      0.0
    ], 
    [
      -1.0, 
      0.0, 
      0.0, 
      -26.828376018199947
    ], 
    [
      0.0, 
      0.0, 
      0.0, 
      1.0
    ]
  ], 
  [
    [
      -0.25881904510252085, 
      -0.96592582628906831, 
      0.0, 
      -48.384408983057916
    ], 
    [
      0.0, 
      0.0, 
      0.99999999999999989, 
      2.2204460492503131e-16
    ], 
    [
      -0.96592582628906831, 
      0.25881904510252085, 
      0.0, 
      -23.990470440300157
    ], 
    [
      0.0, 
      0.0, 
      0.0, 
      1.0
    ]
  ], 
  [
    [
      -0.25881904510252085, 
      -0.96592582628906831, 
      0.0, 
      -46.452557330479777
    ], 
    [
      0.0, 
      0.0, 
      0.99999999999999989, 
      0.0
    ], 
    [
      -0.96592582628906831, 
      0.25881904510252085, 
      0.0, 
      -26.508108530505201
    ], 
    [
      0.0, 
      0.0, 
      0.0, 
      1.0
    ]
  ], 
  [
    [
      -0.49999999999999978, 
      -0.86602540378443871, 
      0.0, 
      -54.050795647718076
    ], 
    [
      0.0, 
      0.0, 
      1.0, 
      0.0
    ], 
    [
      -0.86602540378443871, 
      0.49999999999999978, 
      0.0, 
      -22.070049047311667
    ], 
    [
      0.0, 
      0.0, 
      0.0, 
      1.0
    ]
  ], 
  [
    [
      -0.49999999999999978, 
      -0.86602540378443871, 
      0.0, 
      -52.318744840149201
    ], 
    [
      0.0, 
      0.0, 
      1.0, 
      0.0
    ], 
    [
      -0.86602540378443871, 
      0.49999999999999978, 
      0.0, 
      -25.070049047311667
    ], 
    [
      0.0, 
      0.0, 
      0.0, 
      1.0
    ]
  ], 
  [
    [
      -0.70710678118654746, 
      -0.70710678118654757, 
      0.0, 
      -58.827262392716321
    ], 
    [
      0.0, 
      0.0, 
      1.0, 
      0.0
    ], 
    [
      -0.70710678118654757, 
      0.70710678118654746, 
      0.0, 
      -19.230857550532008
    ], 
    [
      0.0, 
      0.0, 
      0.0, 
      1.0
    ]
  ], 
  [
    [
      -0.70710678118654746, 
      -0.70710678118654757, 
      0.0, 
      -57.413048830343229
    ], 
    [
      0.0, 
      0.0, 
      1.0, 
      0.0
    ], 
    [
      -0.70710678118654757, 
      0.70710678118654746, 
      0.0, 
      -22.645071112905104
    ], 
    [
      0.0, 
      0.0, 
      0.0, 
      1.0
    ]
  ], 
  [
    [
      -0.86602540378443871, 
      -0.49999999999999994, 
      0.0, 
      -62.602713620229352
    ], 
    [
      0.0, 
      0.0, 
      1.0, 
      0.0
    ], 
    [
      -0.49999999999999994, 
      0.86602540378443871, 
      0.0, 
      -15.638154188725473
    ], 
    [
      0.0, 
      0.0, 
      0.0, 
      1.0
    ]
  ], 
  [
    [
      0.96592582628906831, 
      -0.25881904510252074, 
      0.0, 
      -5.8755857717081739
    ], 
    [
      0.0, 
      0.0, 
      1.0, 
      0.0
    ], 
    [
      -0.25881904510252074, 
      -0.96592582628906831, 
      0.0, 
      -7.4933124203099215
    ], 
    [
      0.0, 
      0.0, 
      0.0, 
      1.0
    ]
  ], 
  [
    [
      0.86602540378443871, 
      -0.49999999999999994, 
      0.0, 
      -13.490377778457155
    ], 
    [
      0.0, 
      0.0, 
      1.0, 
      0.0
    ], 
    [
      -0.49999999999999994, 
      -0.86602540378443871, 
      0.0, 
      -13.210582912688453
    ], 
    [
      0.0, 
      0.0, 
      0.0, 
      1.0
    ]
  ], 
  [
    [
      0.86602540378443871, 
      -0.49999999999999994, 
      0.0, 
      -12.490377778457155
    ], 
    [
      0.0, 
      0.0, 
      1.0, 
      0.0
    ], 
    [
      -0.49999999999999994, 
      -0.86602540378443871, 
      0.0, 
      -13.478532105119577
    ], 
    [
      0.0, 
      0.0, 
      0.0, 
      1.0
    ]
  ], 
  [
    [
      0.70710678118654757, 
      -0.70710678118654757, 
      0.0, 
      -20.911226966652698
    ], 
    [
      0.0, 
      0.0, 
      1.0, 
      0.0
    ], 
    [
      -0.70710678118654757, 
      -0.70710678118654757, 
      0.0, 
      -17.347975378943126
    ], 
    [
      0.0, 
      0.0, 
      0.0, 
      1.0
    ]
  ], 
  [
    [
      0.70710678118654757, 
      -0.70710678118654757, 
      0.0, 
      -19.497013404279606
    ], 
    [
      0.0, 
      0.0, 
      1.0, 
      0.0
    ], 
    [
      -0.70710678118654757, 
      -0.70710678118654757, 
      0.0, 
      -17.933761816570030
    ], 
    [
      0.0, 
      0.0, 
      0.0, 
      1.0
    ]
  ], 
  [
    [
      0.50000000000000011, 
      -0.8660254037844386, 
      0.0, 
      -28.314577482456606
    ], 
    [
      0.0, 
      0.0, 
      1.0, 
      0.0
    ], 
    [
      -0.8660254037844386, 
      -0.50000000000000011, 
      0.0, 
      -19.906094424648700
    ], 
    [
      0.0, 
      0.0, 
      0.0, 
      1.0
    ]
  ], 
  [
    [
      0.50000000000000011, 
      -0.8660254037844386, 
      0.0, 
      -26.582526674887731
    ], 
    [
      0.0, 
      0.0, 
      1.0, 
      0.0
    ], 
    [
      -0.8660254037844386, 
      -0.50000000000000011, 
      0.0, 
      -20.906094424648700
    ], 
    [
      0.0, 
      0.0, 
      0.0, 
      1.0
    ]
  ], 
  [
    [
      0.25881904510252074, 
      -0.96592582628906831, 
      0.0, 
      -35.410315940195893
    ], 
    [
      0.0, 
      0.0, 
      1.0, 
      0.0
    ], 
    [
      -0.96592582628906831, 
      -0.25881904510252074, 
      0.0, 
      -21.011429823774861
    ], 
    [
      0.0, 
      0.0, 
      0.0, 
      1.0
    ]
  ], 
  [
    [
      0.25881904510252074, 
      -0.96592582628906831, 
      0.0, 
      -33.478464287617754
    ], 
    [
      0.0, 
      0.0, 
      1.0, 
      0.0
    ], 
    [
      -0.96592582628906831, 
      -0.25881904510252074, 
      0.0, 
      -22.493791733569822
    ], 
    [
      0.0, 
      0.0, 
      0.0, 
      1.0
    ]
  ], 
  [
    [
      0.0, 
      -1.0, 
      0.0, 
      -41.964568388011770
    ], 
    [
      0.0, 
      0.0, 
      1.0, 
      0.0
    ], 
    [
      -1.0, 
      0.0, 
      0.0, 
      -20.828376018199947
    ], 
    [
      0.0, 
      0.0, 
      0.0, 
      1.0
    ]
  ], 
  [
    [
      0.0, 
      -1.0, 
      0.0, 
      -39.964568388011770
    ], 
    [
      0.0, 
      0.0, 
      1.0, 
      0.0
    ], 
    [
      -1.0, 
      0.0, 
      0.0, 
      -22.828376018199947
    ], 
    [
      0.0, 
      0.0, 
      0.0, 
      1.0
    ]
  ], 
  [
    [
      -0.25881904510252085, 
      -0.96592582628906831, 
      0.0, 
      -47.798622545431016
    ], 
    [
      0.0, 
      0.0, 
      0.99999999999999989, 
      2.2204460492503131e-16
    ], 
    [
      -0.96592582628906831, 
      0.25881904510252085, 
      0.0, 
      -19.540980697516979
    ], 
    [
      0.0, 
      0.0, 
      0.0, 
      1.0
    ]
  ], 
  [
    [
      -0.25881904510252085, 
      -0.96592582628906831, 
      0.0, 
      -45.866770892852877
    ], 
    [
      0.0, 
      0.0, 
      0.99999999999999989, 
      0.0
    ], 
    [
      -0.96592582628906831, 
      0.25881904510252085, 
      0.0, 
      -22.058618787722022
    ], 
    [
      0.0, 
      0.0, 
      0.0, 
      1.0
    ]
  ], 
  [
    [
      -0.49999999999999978, 
      -0.86602540378443871, 
      0.0, 
      -52.782846455286958
    ], 
    [
      0.0, 
      0.0, 
      1.0, 
      0.0
    ], 
    [
      -0.86602540378443871, 
      0.49999999999999978, 
      0.0, 
      -17.337998239742788
    ], 
    [
      0.0, 
      0.0, 
      0.0, 
      1.0
    ]
  ], 
  [
    [
      -0.49999999999999978, 
      -0.86602540378443871, 
      0.0, 
      -51.050795647718076
    ], 
    [
      0.0, 
      0.0, 
      1.0, 
      0.0
    ], 
    [
      -0.86602540378443871, 
      0.49999999999999978, 
      0.0, 
      -20.337998239742788
    ], 
    [
      0.0, 
      0.0, 
      0.0, 
      1.0
    ]
  ], 
  [
    [
      -0.70710678118654746, 
      -0.70710678118654757, 
      0.0, 
      -56.827262392716321
    ], 
    [
      0.0, 
      0.0, 
      1.0, 
      0.0
    ], 
    [
      -0.70710678118654757, 
      0.70710678118654746, 
      0.0, 
      -14.402430425785820
    ], 
    [
      0.0, 
      0.0, 
      0.0, 
      1.0
    ]
  ], 
  [
    [
      -0.70710678118654746, 
      -0.70710678118654757, 
      0.0, 
      -55.413048830343222
    ], 
    [
      0.0, 
      0.0, 
      1.0, 
      0.0
    ], 
    [
      -0.70710678118654757, 
      0.70710678118654746, 
      0.0, 
      -17.816643988158916
    ], 
    [
      0.0, 
      0.0, 
      0.0, 
      1.0
    ]
  ], 
  [
    [
      -0.86602540378443871, 
      -0.49999999999999994, 
      0.0, 
      -59.870662812660477
    ], 
    [
      0.0, 
      0.0, 
      1.0, 
      0.0
    ], 
    [
      -0.49999999999999994, 
      0.86602540378443871, 
      0.0, 
      -10.906103381156598
    ], 
    [
      0.0, 
      0.0, 
      0.0, 
      1.0
    ]
  ], 
  [
    [
      -0.86602540378443871, 
      -0.49999999999999994, 
      0.0, 
      -58.870662812660477
    ], 
    [
      0.0, 
      0.0, 
      1.0, 
      0.0
    ], 
    [
      -0.49999999999999994, 
      0.86602540378443871, 
      0.0, 
      -14.638154188725474
    ], 
    [
      0.0, 
      0.0, 
      0.0, 
      1.0
    ]
  ], 
  [
    [
      -0.9659258262890682, 
      -0.25881904510252102, 
      0.0, 
      -61.870169670556379
    ], 
    [
      0.0, 
      0.0, 
      1.0, 
      0.0
    ], 
    [
      -0.25881904510252102, 
      0.9659258262890682, 
      0.0, 
      -7.0091699934728808
    ], 
    [
      0.0, 
      0.0, 
      0.0, 
      1.0
    ]
  ], 
  [
    [
      0.86602540378443871, 
      -0.49999999999999994, 
      0.0, 
      -13.222428586026034
    ], 
    [
      0.0, 
      0.0, 
      1.0, 
      0.0
    ], 
    [
      -0.49999999999999994, 
      -0.86602540378443871, 
      0.0, 
      -12.210582912688453
    ], 
    [
      0.0, 
      0.0, 
      0.0, 
      1.0
    ]
  ], 
  [
    [
      0.70710678118654757, 
      -0.70710678118654757, 
      0.0, 
      -21.739654091398890
    ], 
    [
      0.0, 
      0.0, 
      1.0, 
      0.0
    ], 
    [
      -0.70710678118654757, 
      -0.70710678118654757, 
      0.0, 
      -15.347975378943126
    ], 
    [
      0.0, 
      0.0, 
      0.0, 
      1.0
    ]
  ], 
  [
    [
      0.70710678118654757, 
      -0.70710678118654757, 
      0.0, 
      -20.325440529025794
    ], 
    [
      0.0, 
      0.0, 
      1.0, 
      0.0
    ], 
    [
      -0.70710678118654757, 
      -0.70710678118654757, 
      0.0, 
      -15.933761816570030
    ], 
    [
      0.0, 
      0.0, 
      0.0, 
      1.0
    ]
  ], 
  [
    [
      0.50000000000000011, 
      -0.8660254037844386, 
      0.0, 
      -29.046628290025485
    ], 
    [
      0.0, 
      0.0, 
      1.0, 
      0.0
    ], 
    [
      -0.8660254037844386, 
      -0.50000000000000011, 
      0.0, 
      -17.174043617079825
    ], 
    [
      0.0, 
      0.0, 
      0.0, 
      1.0
    ]
  ], 
  [
    [
      0.50000000000000011, 
      -0.8660254037844386, 
      0.0, 
      -27.314577482456606
    ], 
    [
      0.0, 
      0.0, 
      1.0, 
      0.0
    ], 
    [
      -0.8660254037844386, 
      -0.50000000000000011, 
      0.0, 
      -18.174043617079825
    ], 
    [
      0.0, 
      0.0, 
      0.0, 
      1.0
    ]
  ], 
  [
    [
      0.25881904510252074, 
      -0.96592582628906831, 
      0.0, 
      -35.859805682979072
    ], 
    [
      0.0, 
      0.0, 
      1.0, 
      0.0
    ], 
    [
      -0.96592582628906831, 
      -0.25881904510252074, 
      0.0, 
      -17.597216261401769
    ], 
    [
      0.0, 
      0.0, 
      0.0, 
      1.0
    ]
  ], 
  [
    [
      0.25881904510252074, 
      -0.96592582628906831, 
      0.0, 
      -33.927954030400933
    ], 
    [
      0.0, 
      0.0, 
      1.0, 
      0.0
    ], 
    [
      -0.96592582628906831, 
      -0.25881904510252074, 
      0.0, 
      -19.079578171196729
    ], 
    [
      0.0, 
      0.0, 
      0.0, 
      1.0
    ]
  ], 
  [
    [
      0.0, 
      -1.0, 
      0.0, 
      -41.964568388011770
    ], 
    [
      0.0, 
      0.0, 
      1.0, 
      0.0
    ], 
    [
      -1.0, 
      0.0, 
      0.0, 
      -16.828376018199947
    ], 
    [
      0.0, 
      0.0, 
      0.0, 
      1.0
    ]
  ], 
  [
    [
      0.0, 
      -1.0, 
      0.0, 
      -39.964568388011770
    ], 
    [
      0.0, 
      0.0, 
      1.0, 
      0.0
    ], 
    [
      -1.0, 
      0.0, 
      0.0, 
      -18.828376018199947
    ], 
    [
      0.0, 
      0.0, 
      0.0, 
      1.0
    ]
  ], 
  [
    [
      -0.25881904510252085, 
      -0.96592582628906831, 
      0.0, 
      -47.212836107804101
    ], 
    [
      0.0, 
      0.0, 
      0.99999999999999989, 
      2.2204460492503131e-16
    ], 
    [
      -0.96592582628906831, 
      0.25881904510252085, 
      0.0, 
      -15.091490954733803
    ], 
    [
      0.0, 
      0.0, 
      0.0, 
      1.0
    ]
  ], 
  [
    [
      -0.25881904510252085, 
      -0.96592582628906831, 
      0.0, 
      -45.280984455225962
    ], 
    [
      0.0, 
      0.0, 
      0.99999999999999989, 
      0.0
    ], 
    [
      -0.96592582628906831, 
      0.25881904510252085, 
      0.0, 
      -17.609129044938847
    ], 
    [
      0.0, 
      0.0, 
      0.0, 
      1.0
    ]
  ], 
  [
    [
      -0.49999999999999978, 
      -0.86602540378443871, 
      0.0, 
      -51.514897262855833
    ], 
    [
      0.0, 
      0.0, 
      1.0, 
      0.0
    ], 
    [
      -0.86602540378443871, 
      0.49999999999999978, 
      0.0, 
      -12.605947432173915
    ], 
    [
      0.0, 
      0.0, 
      0.0, 
      1.0
    ]
  ], 
  [
    [
      -0.49999999999999978, 
      -0.86602540378443871, 
      0.0, 
      -49.782846455286958
    ], 
    [
      0.0, 
      0.0, 
      1.0, 
      0.0
    ], 
    [
      -0.86602540378443871, 
      0.49999999999999978, 
      0.0, 
      -15.605947432173915
    ], 
    [
      0.0, 
      0.0, 
      0.0, 
      1.0
    ]
  ], 
  [
    [
      -0.70710678118654746, 
      -0.70710678118654757, 
      0.0, 
      -54.827262392716321
    ], 
    [
      0.0, 
      0.0, 
      1.0, 
      0.0
    ], 
    [
      -0.70710678118654757, 
      0.70710678118654746, 
      0.0, 
      -9.5740033010396299
    ], 
    [
      0.0, 
      0.0, 
      0.0, 
      1.0
    ]
  ], 
  [
    [
      -0.70710678118654746, 
      -0.70710678118654757, 
      0.0, 
      -53.413048830343229
    ], 
    [
      0.0, 
      0.0, 
      1.0, 
      0.0
    ], 
    [
      -0.70710678118654757, 
      0.70710678118654746, 
      0.0, 
      -12.988216863412724
    ], 
    [
      0.0, 
      0.0, 
      0.0, 
      1.0
    ]
  ], 
  [
    [
      -0.86602540378443871, 
      -0.49999999999999994, 
      0.0, 
      -57.138612005091595
    ], 
    [
      0.0, 
      0.0, 
      1.0, 
      0.0
    ], 
    [
      -0.49999999999999994, 
      0.86602540378443871, 
      0.0, 
      -6.1740525735877192
    ], 
    [
      0.0, 
      0.0, 
      0.0, 
      1.0
    ]
  ], 
  [
    [
      -0.86602540378443871, 
      -0.49999999999999994, 
      0.0, 
      -56.138612005091595
    ], 
    [
      0.0, 
      0.0, 
      1.0, 
      0.0
    ], 
    [
      -0.49999999999999994, 
      0.86602540378443871, 
      0.0, 
      -9.9061033811565977
    ], 
    [
      0.0, 
      0.0, 
      0.0, 
      1.0
    ]
  ], 
  [
    [
      -0.9659258262890682, 
      -0.25881904510252102, 
      0.0, 
      -58.455956108183280
    ], 
    [
      0.0, 
      0.0, 
      1.0, 
      0.0
    ], 
    [
      -0.25881904510252102, 
      0.9659258262890682, 
      0.0, 
      -2.5596802506897030
    ], 
    [
      0.0, 
      0.0, 
      0.0, 
      1.0
    ]
  ], 
  [
    [
      -0.9659258262890682, 
      -0.25881904510252102, 
      0.0, 
      -57.938318017978240
    ], 
    [
      0.0, 
      0.0, 
      1.0, 
      0.0
    ], 
    [
      -0.25881904510252102, 
      0.9659258262890682, 
      0.0, 
      -6.4915319032678394
    ], 
    [
      0.0, 
      0.0, 
      0.0, 
      1.0
    ]
  ], 
  [
    [
      -1.0, 
      0.0, 
      0.0, 
      -58.792944406211717
    ], 
    [
      0.0, 
      0.0, 
      1.0, 
      0.0
    ], 
    [
      0.0, 
      1.0, 
      0.0, 
      1.1361923698118233
    ], 
    [
      0.0, 
      0.0, 
      0.0, 
      1.0
    ]
  ], 
  [
    [
      0.70710678118654757, 
      -0.70710678118654757, 
      0.0, 
      -21.153867653771982
    ], 
    [
      0.0, 
      0.0, 
      1.0, 
      0.0
    ], 
    [
      -0.70710678118654757, 
      -0.70710678118654757, 
      0.0, 
      -13.933761816570030
    ], 
    [
      0.0, 
      0.0, 
      0.0, 
      1.0
    ]
  ], 
  [
    [
      0.50000000000000011, 
      -0.8660254037844386, 
      0.0, 
      -29.778679097594363
    ], 
    [
      0.0, 
      0.0, 
      1.0, 
      0.0
    ], 
    [
      -0.8660254037844386, 
      -0.50000000000000011, 
      0.0, 
      -14.441992809510944
    ], 
    [
      0.0, 
      0.0, 
      0.0, 
      1.0
    ]
  ], 
  [
    [
      0.50000000000000011, 
      -0.8660254037844386, 
      0.0, 
      -28.046628290025485
    ], 
    [
      0.0, 
      0.0, 
      1.0, 
      0.0
    ], 
    [
      -0.8660254037844386, 
      -0.50000000000000011, 
      0.0, 
      -15.441992809510944
    ], 
    [
      0.0, 
      0.0, 
      0.0, 
      1.0
    ]
  ], 
  [
    [
      0.25881904510252074, 
      -0.96592582628906831, 
      0.0, 
      -36.309295425762251
    ], 
    [
      0.0, 
      0.0, 
      1.0, 
      0.0
    ], 
    [
      -0.96592582628906831, 
      -0.25881904510252074, 
      0.0, 
      -14.183002699028672
    ], 
    [
      0.0, 
      0.0, 
      0.0, 
      1.0
    ]
  ], 
  [
    [
      0.25881904510252074, 
      -0.96592582628906831, 
      0.0, 
      -34.377443773184112
    ], 
    [
      0.0, 
      0.0, 
      1.0, 
      0.0
    ], 
    [
      -0.96592582628906831, 
      -0.25881904510252074, 
      0.0, 
      -15.665364608823630
    ], 
    [
      0.0, 
      0.0, 
      0.0, 
      1.0
    ]
  ], 
  [
    [
      0.0, 
      -1.0, 
      0.0, 
      -41.964568388011770
    ], 
    [
      0.0, 
      0.0, 
      1.0, 
      0.0
    ], 
    [
      -1.0, 
      0.0, 
      0.0, 
      -12.828376018199947
    ], 
    [
      0.0, 
      0.0, 
      0.0, 
      1.0
    ]
  ], 
  [
    [
      0.0, 
      -1.0, 
      0.0, 
      -39.964568388011770
    ], 
    [
      0.0, 
      0.0, 
      1.0, 
      0.0
    ], 
    [
      -1.0, 
      0.0, 
      0.0, 
      -14.828376018199947
    ], 
    [
      0.0, 
      0.0, 
      0.0, 
      1.0
    ]
  ], 
  [
    [
      -0.25881904510252085, 
      -0.96592582628906831, 
      0.0, 
      -46.627049670177200
    ], 
    [
      0.0, 
      0.0, 
      0.99999999999999989, 
      2.2204460492503131e-16
    ], 
    [
      -0.96592582628906831, 
      0.25881904510252085, 
      0.0, 
      -10.642001211950623
    ], 
    [
      0.0, 
      0.0, 
      0.0, 
      1.0
    ]
  ], 
  [
    [
      -0.25881904510252085, 
      -0.96592582628906831, 
      0.0, 
      -44.695198017599061
    ], 
    [
      0.0, 
      0.0, 
      0.99999999999999989, 
      0.0
    ], 
    [
      -0.96592582628906831, 
      0.25881904510252085, 
      0.0, 
      -13.159639302155664
    ], 
    [
      0.0, 
      0.0, 
      0.0, 
      1.0
    ]
  ], 
  [
    [
      -0.49999999999999978, 
      -0.86602540378443871, 
      0.0, 
      -50.246948070424708
    ], 
    [
      0.0, 
      0.0, 
      1.0, 
      0.0
    ], 
    [
      -0.86602540378443871, 
      0.49999999999999978, 
      0.0, 
      -7.8738966246050364
    ], 
    [
      0.0, 
      0.0, 
      0.0, 
      1.0
    ]
  ], 
  [
    [
      -0.49999999999999978, 
      -0.86602540378443871, 
      0.0, 
      -48.514897262855833
    ], 
    [
      0.0, 
      0.0, 
      1.0, 
      0.0
    ], 
    [
      -0.86602540378443871, 
      0.49999999999999978, 
      0.0, 
      -10.873896624605036
    ], 
    [
      0.0, 
      0.0, 
      0.0, 
      1.0
    ]
  ], 
  [
    [
      -0.70710678118654746, 
      -0.70710678118654757, 
      0.0, 
      -52.827262392716321
    ], 
    [
      0.0, 
      0.0, 
      1.0, 
      0.0
    ], 
    [
      -0.70710678118654757, 
      0.70710678118654746, 
      0.0, 
      -4.7455761762934383
    ], 
    [
      0.0, 
      0.0, 
      0.0, 
      1.0
    ]
  ], 
  [
    [
      -0.70710678118654746, 
      -0.70710678118654757, 
      0.0, 
      -51.413048830343229
    ], 
    [
      0.0, 
      0.0, 
      1.0, 
      0.0
    ], 
    [
      -0.70710678118654757, 
      0.70710678118654746, 
      0.0, 
      -8.1597897386665341
    ], 
    [
      0.0, 
      0.0, 
      0.0, 
      1.0
    ]
  ], 
  [
    [
      -0.86602540378443871, 
      -0.49999999999999994, 
      0.0, 
      -54.406561197522720
    ], 
    [
      0.0, 
      0.0, 
      1.0, 
      0.0
    ], 
    [
      -0.49999999999999994, 
      0.86602540378443871, 
      0.0, 
      -1.4420017660188424
    ], 
    [
      0.0, 
      0.0, 
      0.0, 
      1.0
    ]
  ], 
  [
    [
      -0.86602540378443871, 
      -0.49999999999999994, 
      0.0, 
      -53.406561197522720
    ], 
    [
      0.0, 
      0.0, 
      1.0, 
      0.0
    ], 
    [
      -0.49999999999999994, 
      0.86602540378443871, 
      0.0, 
      -5.1740525735877192
    ], 
    [
      0.0, 
      0.0, 
      0.0, 
      1.0
    ]
  ], 
  [
    [
      -0.9659258262890682, 
      -0.25881904510252102, 
      0.0, 
      -55.041742545810195
    ], 
    [
      0.0, 
      0.0, 
      1.0, 
      0.0
    ], 
    [
      -0.25881904510252102, 
      0.9659258262890682, 
      0.0, 
      1.8898094920934758
    ], 
    [
      0.0, 
      0.0, 
      0.0, 
      1.0
    ]
  ], 
  [
    [
      -0.9659258262890682, 
      -0.25881904510252102, 
      0.0, 
      -54.524104455605148
    ], 
    [
      0.0, 
      0.0, 
      1.0, 
      0.0
    ], 
    [
      -0.25881904510252102, 
      0.9659258262890682, 
      0.0, 
      -2.0420421604846606
    ], 
    [
      0.0, 
      0.0, 
      0.0, 
      1.0
    ]
  ], 
  [
    [
      -1.0, 
      0.0, 
      0.0, 
      -54.792944406211717
    ], 
    [
      0.0, 
      0.0, 
      1.0, 
      0.0
    ], 
    [
      0.0, 
      1.0, 
      0.0, 
      5.1361923698118233
    ], 
    [
      0.0, 
      0.0, 
      0.0, 
      1.0
    ]
  ], 
  [
    [
      -1.0, 
      0.0, 
      0.0, 
      -54.792944406211717
    ], 
    [
      0.0, 
      0.0, 
      1.0, 
      0.0
    ], 
    [
      0.0, 
      1.0, 
      0.0, 
      1.1361923698118233
    ], 
    [
      0.0, 
      0.0, 
      0.0, 
      1.0
    ]
  ], 
  [
    [
      -0.96592582628906831, 
      0.25881904510252079, 
      0.0, 
      -53.712398141192644
    ], 
    [
      0.0, 
      0.0, 
      0.99999999999999989, 
      2.2204460492503131e-16
    ], 
    [
      0.25881904510252079, 
      0.96592582628906831, 
      0.0, 
      8.2075637365084333
    ], 
    [
      0.0, 
      0.0, 
      0.0, 
      1.0
    ]
  ], 
  [
    [
      0.50000000000000011, 
      -0.8660254037844386, 
      0.0, 
      -28.778679097594363
    ], 
    [
      0.0, 
      0.0, 
      1.0, 
      0.0
    ], 
    [
      -0.8660254037844386, 
      -0.50000000000000011, 
      0.0, 
      -12.709942001942069
    ], 
    [
      0.0, 
      0.0, 
      0.0, 
      1.0
    ]
  ], 
  [
    [
      0.25881904510252074, 
      -0.96592582628906831, 
      0.0, 
      -36.758785168545430
    ], 
    [
      0.0, 
      0.0, 
      1.0, 
      0.0
    ], 
    [
      -0.96592582628906831, 
      -0.25881904510252074, 
      0.0, 
      -10.768789136655577
    ], 
    [
      0.0, 
      0.0, 
      0.0, 
      1.0
    ]
  ], 
  [
    [
      0.25881904510252074, 
      -0.96592582628906831, 
      0.0, 
      -34.826933515967291
    ], 
    [
      0.0, 
      0.0, 
      1.0, 
      0.0
    ], 
    [
      -0.96592582628906831, 
      -0.25881904510252074, 
      0.0, 
      -12.251151046450536
    ], 
    [
      0.0, 
      0.0, 
      0.0, 
      1.0
    ]
  ], 
  [
    [
      0.0, 
      -1.0, 
      0.0, 
      -41.964568388011770
    ], 
    [
      0.0, 
      0.0, 
      1.0, 
      0.0
    ], 
    [
      -1.0, 
      0.0, 
      0.0, 
      -8.8283760181999469
    ], 
    [
      0.0, 
      0.0, 
      0.0, 
      1.0
    ]
  ], 
  [
    [
      0.0, 
      -1.0, 
      0.0, 
      -39.964568388011770
    ], 
    [
      0.0, 
      0.0, 
      1.0, 
      0.0
    ], 
    [
      -1.0, 
      0.0, 
      0.0, 
      -10.828376018199947
    ], 
    [
      0.0, 
      0.0, 
      0.0, 
      1.0
    ]
  ], 
  [
    [
      -0.25881904510252085, 
      -0.96592582628906831, 
      0.0, 
      -46.041263232550293
    ], 
    [
      0.0, 
      0.0, 
      0.99999999999999989, 
      2.2204460492503131e-16
    ], 
    [
      -0.96592582628906831, 
      0.25881904510252085, 
      0.0, 
      -6.1925114691674459
    ], 
    [
      0.0, 
      0.0, 
      0.0, 
      1.0
    ]
  ], 
  [
    [
      -0.25881904510252085, 
      -0.96592582628906831, 
      0.0, 
      -44.109411579972161
    ], 
    [
      0.0, 
      0.0, 
      0.99999999999999989, 
      0.0
    ], 
    [
      -0.96592582628906831, 
      0.25881904510252085, 
      0.0, 
      -8.7101495593724874
    ], 
    [
      0.0, 
      0.0, 
      0.0, 
      1.0
    ]
  ], 
  [
    [
      -0.49999999999999978, 
      -0.86602540378443871, 
      0.0, 
      -48.978998877993590
    ], 
    [
      0.0, 
      0.0, 
      1.0, 
      0.0
    ], 
    [
      -0.86602540378443871, 
      0.49999999999999978, 
      0.0, 
      -3.1418458170361596
    ], 
    [
      0.0, 
      0.0, 
      0.0, 
      1.0
    ]
  ], 
  [
    [
      -0.49999999999999978, 
      -0.86602540378443871, 
      0.0, 
      -47.246948070424708
    ], 
    [
      0.0, 
      0.0, 
      1.0, 
      0.0
    ], 
    [
      -0.86602540378443871, 
      0.49999999999999978, 
      0.0, 
      -6.1418458170361578
    ], 
    [
      0.0, 
      0.0, 
      0.0, 
      1.0
    ]
  ], 
  [
    [
      -0.70710678118654746, 
      -0.70710678118654757, 
      0.0, 
      -50.827262392716321
    ], 
    [
      0.0, 
      0.0, 
      1.0, 
      0.0
    ], 
    [
      -0.70710678118654757, 
      0.70710678118654746, 
      0.0, 
      0.082850948452751538
    ], 
    [
      0.0, 
      0.0, 
      0.0, 
      1.0
    ]
  ], 
  [
    [
      -0.70710678118654746, 
      -0.70710678118654757, 
      0.0, 
      -49.413048830343222
    ], 
    [
      0.0, 
      0.0, 
      1.0, 
      0.0
    ], 
    [
      -0.70710678118654757, 
      0.70710678118654746, 
      0.0, 
      -3.3313626139203425
    ], 
    [
      0.0, 
      0.0, 
      0.0, 
      1.0
    ]
  ], 
  [
    [
      -0.86602540378443871, 
      -0.49999999999999994, 
      0.0, 
      -51.674510389953845
    ], 
    [
      0.0, 
      0.0, 
      1.0, 
      0.0
    ], 
    [
      -0.49999999999999994, 
      0.86602540378443871, 
      0.0, 
      3.2900490415500361
    ], 
    [
      0.0, 
      0.0, 
      0.0, 
      1.0
    ]
  ], 
  [
    [
      -0.86602540378443871, 
      -0.49999999999999994, 
      0.0, 
      -50.674510389953845
    ], 
    [
      0.0, 
      0.0, 
      1.0, 
      0.0
    ], 
    [
      -0.49999999999999994, 
      0.86602540378443871, 
      0.0, 
      -0.44200176601884245
    ], 
    [
      0.0, 
      0.0, 
      0.0, 
      1.0
    ]
  ], 
  [
    [
      -0.9659258262890682, 
      -0.25881904510252102, 
      0.0, 
      -51.627528983437095
    ], 
    [
      0.0, 
      0.0, 
      1.0, 
      0.0
    ], 
    [
      -0.25881904510252102, 
      0.9659258262890682, 
      0.0, 
      6.3392992348766546
    ], 
    [
      0.0, 
      0.0, 
      0.0, 
      1.0
    ]
  ], 
  [
    [
      -0.9659258262890682, 
      -0.25881904510252102, 
      0.0, 
      -51.109890893232055
    ], 
    [
      0.0, 
      0.0, 
      1.0, 
      0.0
    ], 
    [
      -0.25881904510252102, 
      0.9659258262890682, 
      0.0, 
      2.4074475822985173
    ], 
    [
      0.0, 
      0.0, 
      0.0, 
      1.0
    ]
  ], 
  [
    [
      -1.0, 
      0.0, 
      0.0, 
      -50.792944406211717
    ], 
    [
      0.0, 
      0.0, 
      1.0, 
      0.0
    ], 
    [
      0.0, 
      1.0, 
      0.0, 
      9.1361923698118233
    ], 
    [
      0.0, 
      0.0, 
      0.0, 
      1.0
    ]
  ], 
  [
    [
      -1.0, 
      0.0, 
      0.0, 
      -50.792944406211717
    ], 
    [
      0.0, 
      0.0, 
      1.0, 
      0.0
    ], 
    [
      0.0, 
      1.0, 
      0.0, 
      5.1361923698118233
    ], 
    [
      0.0, 
      0.0, 
      0.0, 
      1.0
    ]
  ], 
  [
    [
      -0.96592582628906831, 
      0.25881904510252079, 
      0.0, 
      -49.262908398409465
    ], 
    [
      0.0, 
      0.0, 
      0.99999999999999989, 
      2.2204460492503131e-16
    ], 
    [
      0.25881904510252079, 
      0.96592582628906831, 
      0.0, 
      11.621777298881529
    ], 
    [
      0.0, 
      0.0, 
      0.0, 
      1.0
    ]
  ], 
  [
    [
      -0.96592582628906831, 
      0.25881904510252079, 
      0.0, 
      -49.780546488614505
    ], 
    [
      0.0, 
      0.0, 
      0.99999999999999989, 
      0.0
    ], 
    [
      0.25881904510252079, 
      0.96592582628906831, 
      0.0, 
      7.6899256463033918
    ], 
    [
      0.0, 
      0.0, 
      0.0, 
      1.0
    ]
  ], 
  [
    [
      -0.8660254037844386, 
      0.50000000000000011, 
      0.0, 
      -47.106414205047926
    ], 
    [
      0.0, 
      0.0, 
      1.0, 
      0.0
    ], 
    [
      0.50000000000000011, 
      0.8660254037844386, 
      0.0, 
      13.758318014380386
    ], 
    [
      0.0, 
      0.0, 
      0.0, 
      1.0
    ]
  ], 
  [
    [
      0.25881904510252074, 
      -0.96592582628906831, 
      0.0, 
      -35.276423258750469
    ], 
    [
      0.0, 
      0.0, 
      1.0, 
      0.0
    ], 
    [
      -0.96592582628906831, 
      -0.25881904510252074, 
      0.0, 
      -8.8369374840774420
    ], 
    [
      0.0, 
      0.0, 
      0.0, 
      1.0
    ]
  ], 
  [
    [
      0.0, 
      -1.0, 
      0.0, 
      -41.964568388011770
    ], 
    [
      0.0, 
      0.0, 
      1.0, 
      0.0
    ], 
    [
      -1.0, 
      0.0, 
      0.0, 
      -4.8283760181999469
    ], 
    [
      0.0, 
      0.0, 
      0.0, 
      1.0
    ]
  ], 
  [
    [
      0.0, 
      -1.0, 
      0.0, 
      -39.964568388011770
    ], 
    [
      0.0, 
      0.0, 
      1.0, 
      0.0
    ], 
    [
      -1.0, 
      0.0, 
      0.0, 
      -6.8283760181999469
    ], 
    [
      0.0, 
      0.0, 
      0.0, 
      1.0
    ]
  ], 
  [
    [
      -0.25881904510252085, 
      -0.96592582628906831, 
      0.0, 
      -45.455476794923385
    ], 
    [
      0.0, 
      0.0, 
      0.99999999999999989, 
      2.2204460492503131e-16
    ], 
    [
      -0.96592582628906831, 
      0.25881904510252085, 
      0.0, 
      -1.7430217263842707
    ], 
    [
      0.0, 
      0.0, 
      0.0, 
      1.0
    ]
  ], 
  [
    [
      -0.25881904510252085, 
      -0.96592582628906831, 
      0.0, 
      -43.523625142345253
    ], 
    [
      0.0, 
      0.0, 
      0.99999999999999989, 
      0.0
    ], 
    [
      -0.96592582628906831, 
      0.25881904510252085, 
      0.0, 
      -4.2606598165893104
    ], 
    [
      0.0, 
      0.0, 
      0.0, 
      1.0
    ]
  ], 
  [
    [
      -0.49999999999999978, 
      -0.86602540378443871, 
      0.0, 
      -47.711049685562465
    ], 
    [
      0.0, 
      0.0, 
      1.0, 
      0.0
    ], 
    [
      -0.86602540378443871, 
      0.49999999999999978, 
      0.0, 
      1.5902049905327154
    ], 
    [
      0.0, 
      0.0, 
      0.0, 
      1.0
    ]
  ], 
  [
    [
      -0.49999999999999978, 
      -0.86602540378443871, 
      0.0, 
      -45.978998877993590
    ], 
    [
      0.0, 
      0.0, 
      1.0, 
      0.0
    ], 
    [
      -0.86602540378443871, 
      0.49999999999999978, 
      0.0, 
      -1.4097950094672846
    ], 
    [
      0.0, 
      0.0, 
      0.0, 
      1.0
    ]
  ], 
  [
    [
      -0.70710678118654746, 
      -0.70710678118654757, 
      0.0, 
      -48.827262392716321
    ], 
    [
      0.0, 
      0.0, 
      1.0, 
      0.0
    ], 
    [
      -0.70710678118654757, 
      0.70710678118654746, 
      0.0, 
      4.9112780731989432
    ], 
    [
      0.0, 
      0.0, 
      0.0, 
      1.0
    ]
  ], 
  [
    [
      -0.70710678118654746, 
      -0.70710678118654757, 
      0.0, 
      -47.413048830343229
    ], 
    [
      0.0, 
      0.0, 
      1.0, 
      0.0
    ], 
    [
      -0.70710678118654757, 
      0.70710678118654746, 
      0.0, 
      1.4970645108258473
    ], 
    [
      0.0, 
      0.0, 
      0.0, 
      1.0
    ]
  ], 
  [
    [
      -0.86602540378443871, 
      -0.49999999999999994, 
      0.0, 
      -48.942459582384963
    ], 
    [
      0.0, 
      0.0, 
      1.0, 
      0.0
    ], 
    [
